0.120480,0.016352,0.017568,0.015264
0.020416,0.017120,0.014560,0.013984
0.021600,0.014848,0.015584,0.017088
0.020064,0.015584,0.015584,0.015488
0.019328,0.017664,0.015360,0.016352
0.016192,0.015392,0.015424,0.016448
0.014144,0.015456,0.014816,0.013856
0.017376,0.017152,0.014464,0.013696
0.016992,0.017312,0.014304,0.014336
0.014016,0.016928,0.016096,0.013952
0.014720,0.019616,0.014592,0.015488
0.012160,0.017248,0.014336,0.015136
0.013408,0.017760,0.014304,0.015072
0.013472,0.021440,0.015904,0.016704
0.012576,0.019264,0.014592,0.014240
0.010240,0.018112,0.014976,0.013856
0.007456,0.019936,0.015520,0.014816
0.019360,0.021952,0.016512,0.015040
0.014144,0.021056,0.014784,0.014720
0.016224,0.021536,0.015296,0.026624
0.016448,0.020544,0.015296,0.014848
0.014080,0.021536,0.014688,0.014784
0.016032,0.022176,0.015744,0.014880
0.012864,0.023136,0.015360,0.015136
0.015904,0.023936,0.016864,0.015040
0.014336,0.023968,0.016800,0.014912
0.014976,0.022880,0.015424,0.014944
0.011200,0.025504,0.015456,0.015360
0.011808,0.023936,0.015584,0.016480
0.012160,0.023392,0.015008,0.015232
0.013152,0.025952,0.014912,0.016608
0.010976,0.024288,0.017760,0.017376
0.011776,0.026240,0.016480,0.024960
0.009952,0.025312,0.016320,0.015840
0.012768,0.027552,0.018464,0.016288
0.010208,0.026176,0.017984,0.015936
0.010368,0.026624,0.018048,0.016512
0.010208,0.026976,0.019360,0.016960
0.010144,0.027616,0.016736,0.016704
0.013024,0.027296,0.019552,0.016832
0.012192,0.028192,0.017120,0.018816
0.011328,0.028128,0.016192,0.016576
0.012480,0.028256,0.016512,0.017600
0.012832,0.028544,0.018016,0.015936
0.012544,0.029216,0.018304,0.016000
0.011200,0.030144,0.016992,0.016384
0.017792,0.031392,0.016800,0.016160
0.016480,0.030624,0.017408,0.018112
0.015712,0.030784,0.018944,0.018144
0.011680,0.030816,0.017120,0.016288
0.017632,0.033056,0.017504,0.016864
0.015520,0.031712,0.017440,0.017536
0.013824,0.032480,0.017760,0.017504
0.015840,0.033312,0.017344,0.016768
0.016640,0.033344,0.017536,0.016736
0.013056,0.032992,0.017376,0.018880
0.013952,0.033536,0.017184,0.017376
0.014848,0.034592,0.018496,0.016896
0.013184,0.035392,0.019488,0.017120
0.013472,0.034944,0.018368,0.017088
0.013216,0.036256,0.019680,0.017792
0.013152,0.037024,0.019680,0.017632
0.013056,0.037472,0.019328,0.018944
0.015296,0.035872,0.018784,0.019840
0.014048,0.036480,0.020672,0.020640
0.012480,0.036704,0.018528,0.019264
0.013600,0.037600,0.019168,0.018976
0.014240,0.039200,0.021088,0.018304
0.013888,0.037632,0.019584,0.019648
0.014272,0.038368,0.018496,0.018816
0.014016,0.038624,0.019040,0.018560
0.012480,0.039104,0.019104,0.021024
0.013856,0.039424,0.019328,0.018624
0.012416,0.039840,0.020128,0.019360
0.020640,0.041760,0.019840,0.019520
0.013760,0.040896,0.021344,0.019776
0.020864,0.041024,0.019840,0.021920
0.022048,0.041344,0.020224,0.019520
0.018400,0.042528,0.020512,0.020416
0.020928,0.041888,0.020736,0.019648
0.019776,0.042560,0.021952,0.019424
0.017312,0.042784,0.020608,0.021536
0.021344,0.045088,0.020736,0.021440
0.017344,0.043936,0.020704,0.020576
0.020352,0.046112,0.020704,0.021600
0.021792,0.044320,0.020384,0.019552
0.018176,0.046368,0.020576,0.022112
0.022464,0.047200,0.020128,0.021824
0.019712,0.045280,0.020896,0.020288
0.019456,0.047264,0.022944,0.020224
0.016928,0.046048,0.021248,0.020704
0.021504,0.048352,0.022080,0.020256
0.015232,0.046720,0.020384,0.020032
0.018112,0.049152,0.023456,0.020800
0.016032,0.047936,0.022304,0.020864
0.016128,0.047264,0.022208,0.021184
0.016064,0.048512,0.022112,0.021664
0.016768,0.048896,0.021568,0.021184
0.015424,0.050784,0.022496,0.021568
0.017248,0.049920,0.021984,0.021184
0.015040,0.049664,0.022048,0.020992
0.016160,0.050176,0.022304,0.021248
0.015360,0.050880,0.021920,0.021760
0.022784,0.052064,0.022016,0.021984
0.020640,0.051104,0.022976,0.022336
0.022528,0.051680,0.024416,0.021792
0.022112,0.052032,0.024256,0.021888
0.020704,0.053760,0.024160,0.021216
0.023392,0.058432,0.023392,0.022624
0.020672,0.052512,0.024896,0.023616
0.023968,0.054816,0.022720,0.023552
0.019456,0.053440,0.023008,0.022272
0.020480,0.053856,0.022976,0.022144
0.017248,0.054336,0.022304,0.021856
0.019232,0.054752,0.023136,0.021376
0.017344,0.055168,0.023488,0.021792
0.021600,0.057408,0.023648,0.023872
0.018656,0.056352,0.025088,0.023392
0.018368,0.057504,0.025184,0.022080
0.017696,0.056032,0.023264,0.022080
0.015776,0.056352,0.023488,0.021920
0.017632,0.057568,0.025248,0.022112
0.016224,0.056832,0.023296,0.023648
0.023680,0.059296,0.025088,0.023840
0.020320,0.059904,0.024704,0.022560
0.017376,0.059072,0.024448,0.024352
0.025760,0.058656,0.025984,0.022976
0.017856,0.058912,0.024640,0.025408
0.019328,0.059424,0.026272,0.024192
0.023040,0.061280,0.026560,0.022624
0.017312,0.060736,0.025440,0.022944
0.025696,0.059968,0.024672,0.023008
0.020608,0.062944,0.025216,0.024096
0.023872,0.061056,0.025504,0.022784
0.024192,0.061376,0.024768,0.022176
0.021952,0.061728,0.026656,0.024032
0.022336,0.062400,0.025184,0.023296
0.023968,0.063712,0.024800,0.023456
0.022688,0.064480,0.025472,0.023232
0.022560,0.063520,0.027456,0.023040
0.022752,0.063904,0.026976,0.023584
0.024352,0.065376,0.025376,0.022560
0.021600,0.064096,0.024736,0.032000
0.019424,0.065536,0.025152,0.023104
0.021344,0.065536,0.024512,0.023136
0.019040,0.063840,0.024256,0.022048
0.027136,0.064288,0.025888,0.023104
0.027296,0.064448,0.026112,0.025056
0.024352,0.066848,0.024928,0.022592
0.026528,0.067552,0.024704,0.024480
0.021728,0.065248,0.024096,0.021440
0.024320,0.066272,0.033472,0.022368
0.020576,0.065888,0.023968,0.021600
0.023520,0.066208,0.024416,0.023968
0.021568,0.066624,0.025216,0.022720
0.020224,0.067168,0.024640,0.021728
0.020608,0.068160,0.026848,0.021888
0.019424,0.067520,0.024416,0.022720
0.021216,0.068256,0.025248,0.022848
0.020512,0.067680,0.027232,0.024800
0.021696,0.069024,0.025856,0.024672
0.020256,0.068448,0.025920,0.024000
0.020800,0.069088,0.025536,0.022976
0.023136,0.070112,0.026080,0.026400
0.020736,0.069184,0.027840,0.025568
0.027872,0.070560,0.025216,0.023488
0.021472,0.073056,0.026176,0.023520
0.020608,0.071296,0.024768,0.022752
0.022048,0.071104,0.027456,0.025856
0.026240,0.073696,0.026112,0.024320
0.024832,0.071840,0.025376,0.023648
0.028064,0.074752,0.026112,0.024992
0.025376,0.075296,0.028224,0.024192
0.024352,0.073952,0.025504,0.022624
0.024992,0.075584,0.027968,0.023424
0.024128,0.073088,0.028192,0.025600
0.024704,0.075008,0.028096,0.023552
0.025120,0.074400,0.025344,0.025120
0.022976,0.075168,0.028128,0.025440
0.023328,0.074720,0.028256,0.024288
0.020288,0.075968,0.026336,0.023680
0.023872,0.077952,0.025344,0.026336
0.023136,0.075392,0.028160,0.025536
0.021376,0.075392,0.026944,0.024256
0.022816,0.077600,0.027008,0.023680
0.021472,0.077280,0.027936,0.024768
0.024544,0.079648,0.027488,0.024928
0.021792,0.077632,0.026944,0.023648
0.023488,0.079008,0.027840,0.023744
0.023008,0.079168,0.030432,0.025088
0.030944,0.078912,0.027584,0.025536
0.028704,0.079744,0.029696,0.023680
0.028256,0.080032,0.027616,0.025088
0.029056,0.080384,0.029632,0.027200
0.030368,0.080576,0.029632,0.027168
0.027648,0.080160,0.027744,0.026144
0.028672,0.081568,0.029760,0.027008
0.027168,0.081824,0.028384,0.027712
0.028512,0.082656,0.029696,0.025088
0.026816,0.082944,0.029600,0.025984
0.028320,0.083968,0.028544,0.024768
0.024608,0.085120,0.028384,0.025536
0.025792,0.085504,0.028640,0.025760
0.029376,0.084128,0.028448,0.025856
0.024000,0.084064,0.027520,0.024352
0.026272,0.084288,0.030336,0.027744
0.023840,0.084608,0.030592,0.025312
0.023968,0.085312,0.030464,0.024352
0.023040,0.084768,0.029760,0.025920
0.023232,0.084672,0.027712,0.025184
0.025792,0.086240,0.028608,0.025728
0.024384,0.087008,0.030560,0.026816
0.026016,0.086976,0.028288,0.027328
0.029312,0.089216,0.030592,0.026560
0.023040,0.087488,0.027648,0.025248
0.032352,0.089408,0.029088,0.026656
0.030304,0.088288,0.031200,0.026848
0.032608,0.090432,0.030048,0.026880
0.030208,0.089536,0.030624,0.028064
0.027680,0.088128,0.029952,0.028640
0.028288,0.088704,0.029312,0.026048
0.030496,0.089952,0.029280,0.026368
0.032032,0.091264,0.030848,0.028736
0.029312,0.090528,0.031904,0.029440
0.028448,0.093024,0.030304,0.026208
0.027744,0.091488,0.030208,0.027488
0.027296,0.091296,0.029536,0.028832
0.026048,0.091680,0.029376,0.025888
0.029376,0.092704,0.029760,0.026208
0.024672,0.095072,0.030272,0.027264
0.027008,0.093408,0.029536,0.028736
0.026656,0.093632,0.032480,0.027200
0.027520,0.093696,0.032192,0.027456
0.025088,0.094016,0.030816,0.027616
0.025536,0.094848,0.030528,0.027872
0.027936,0.093888,0.030176,0.026784
0.027936,0.096096,0.030592,0.027488
0.026528,0.097216,0.030400,0.028064
0.034176,0.094944,0.032832,0.027680
0.026560,0.095936,0.032832,0.029600
0.031232,0.098688,0.030880,0.029696
0.032800,0.098912,0.030784,0.029568
0.033312,0.096128,0.033024,0.030400
0.029408,0.097536,0.032736,0.027936
0.029568,0.097568,0.033216,0.029472
0.028704,0.097888,0.030048,0.027488
0.030944,0.098176,0.031648,0.028608
0.030912,0.099040,0.031744,0.028352
0.029632,0.100800,0.033920,0.030784
0.031520,0.101056,0.032320,0.028928
0.030304,0.099808,0.032544,0.028320
0.028544,0.100704,0.032224,0.042848
0.031488,0.101600,0.032384,0.028800
0.028000,0.101600,0.034720,0.028960
0.029728,0.101632,0.031840,0.039392
0.029504,0.103360,0.032128,0.029600
0.028192,0.102368,0.032672,0.028800
0.029536,0.104160,0.034336,0.037664
0.030624,0.104512,0.032704,0.029792
0.027776,0.103360,0.034496,0.029664
0.027136,0.105472,0.031840,0.029184
0.026624,0.102464,0.034528,0.029216
0.027872,0.104288,0.034080,0.028928
0.026784,0.103456,0.031264,0.030656
0.027296,0.104288,0.032544,0.029472
0.027584,0.105152,0.032288,0.029920
0.026816,0.104608,0.032544,0.029824
0.029248,0.105184,0.032640,0.029216
0.032000,0.106240,0.031968,0.029248
0.028896,0.105760,0.031808,0.028416
0.028160,0.106080,0.032384,0.030016
0.029728,0.107104,0.032192,0.029504
0.029888,0.106816,0.033280,0.030752
0.033856,0.107264,0.032768,0.030304
0.032928,0.107808,0.032416,0.030720
0.031904,0.108576,0.032256,0.030528
0.031680,0.108864,0.033632,0.030624
0.032768,0.108992,0.035872,0.030528
0.031040,0.109504,0.036832,0.031808
0.032384,0.110144,0.035360,0.032512
0.036512,0.112352,0.036224,0.032736
0.030720,0.110752,0.035040,0.032832
0.035072,0.111872,0.036640,0.032640
0.035808,0.112256,0.034912,0.031936
0.035680,0.112480,0.035232,0.032448
0.036032,0.112224,0.035136,0.030432
0.035424,0.111072,0.034976,0.031552
0.029568,0.113600,0.035008,0.033568
0.029472,0.114080,0.035552,0.031456
0.031328,0.114784,0.034848,0.032320
0.029248,0.114496,0.036928,0.030272
0.029504,0.116224,0.035360,0.031232
0.029344,0.115552,0.034784,0.032384
0.031424,0.114496,0.034720,0.030720
0.031808,0.116064,0.034624,0.032032
0.032288,0.114528,0.034208,0.033600
0.030176,0.115840,0.037184,0.032256
0.031104,0.117312,0.035232,0.033440
0.030368,0.116672,0.035488,0.034240
0.030208,0.115968,0.034272,0.032192
0.033312,0.119744,0.035232,0.034592
0.030464,0.117248,0.034336,0.032448
0.032384,0.118528,0.035456,0.033504
0.034080,0.118432,0.035296,0.031616
0.033024,0.131328,0.035616,0.031008
0.031872,0.118592,0.035680,0.031808
0.032672,0.119296,0.034624,0.032384
0.031872,0.119872,0.038272,0.032800
0.034112,0.120320,0.036224,0.033792
0.034240,0.122144,0.037024,0.033696
0.036864,0.122208,0.038240,0.032896
0.036416,0.122240,0.038304,0.034272
0.036320,0.122208,0.037248,0.032640
0.033408,0.121728,0.035328,0.033120
0.030816,0.122304,0.035680,0.032544
0.036256,0.122464,0.036928,0.034944
0.039296,0.123328,0.037024,0.033024
0.036512,0.123392,0.036960,0.035232
0.036704,0.124160,0.037088,0.032192
0.029568,0.124256,0.037824,0.032352
0.030336,0.123328,0.036576,0.032224
0.030464,0.124800,0.036256,0.033696
0.036736,0.125376,0.037696,0.034688
0.032064,0.125728,0.036736,0.033664
0.034208,0.125856,0.038944,0.033984
0.030848,0.126208,0.039104,0.033344
0.031712,0.126016,0.036224,0.033472
0.030432,0.126496,0.036384,0.034400
0.033280,0.128960,0.037024,0.034016
0.033504,0.129440,0.037792,0.035776
0.036448,0.129344,0.039104,0.033216
0.035840,0.130208,0.037536,0.033600
0.032640,0.128064,0.036320,0.033120
0.031744,0.128000,0.036256,0.032768
0.033472,0.129024,0.039520,0.033696
0.032480,0.129408,0.037504,0.034496
0.033600,0.129952,0.038752,0.035744
0.033504,0.129920,0.037120,0.033920
0.035168,0.129728,0.037248,0.033824
0.032928,0.130848,0.040832,0.036512
0.037088,0.131552,0.038656,0.034432
0.037920,0.132480,0.039264,0.034400
0.038784,0.132192,0.038400,0.034656
0.038048,0.132096,0.037984,0.035264
0.033184,0.133024,0.040576,0.034400
0.038848,0.133344,0.041216,0.035232
0.038400,0.134976,0.039264,0.034272
0.032256,0.134080,0.038624,0.034720
0.037664,0.136544,0.040032,0.036032
0.034304,0.135488,0.039392,0.036768
0.039040,0.136704,0.039904,0.034624
0.039488,0.137952,0.038304,0.034752
0.035904,0.135232,0.039904,0.035232
0.039872,0.135392,0.039264,0.036160
0.035488,0.137280,0.038880,0.035840
0.035168,0.139104,0.038720,0.033984
0.033728,0.136256,0.039616,0.034624
0.033568,0.137408,0.039744,0.038176
0.034784,0.137632,0.041376,0.037600
0.033120,0.136864,0.055264,0.038656
0.036128,0.138080,0.039072,0.035392
0.033984,0.137984,0.039552,0.036960
0.033184,0.141056,0.040448,0.036832
0.034560,0.139424,0.039776,0.034848
0.032544,0.139520,0.041120,0.036032
0.035296,0.139296,0.040352,0.036352
0.034272,0.142240,0.040448,0.038272
0.034208,0.140640,0.040960,0.035680
0.038240,0.140832,0.040384,0.038208
0.036672,0.143456,0.040864,0.038656
0.038720,0.143872,0.040224,0.035712
0.034400,0.142752,0.040992,0.037056
0.039488,0.144256,0.043008,0.037696
0.036032,0.142944,0.041248,0.035968
0.038208,0.143168,0.040352,0.038464
0.036288,0.143360,0.043104,0.039168
0.037472,0.143968,0.041088,0.037472
0.034144,0.144992,0.040928,0.036128
0.040288,0.145056,0.040800,0.036800
0.041120,0.145920,0.041792,0.039616
0.038880,0.145152,0.040512,0.035680
0.039424,0.145792,0.041856,0.039648
0.040032,0.147232,0.042016,0.036960
0.038528,0.148576,0.041024,0.036864
0.041824,0.147136,0.042080,0.037664
0.036864,0.147264,0.041248,0.037920
0.040704,0.148992,0.041344,0.040224
0.034560,0.149216,0.040448,0.038176
0.040672,0.148128,0.042336,0.039744
0.037504,0.148640,0.042016,0.037120
0.034528,0.151200,0.041184,0.037600
0.034592,0.149056,0.043808,0.038656
0.035552,0.148768,0.040928,0.037888
0.038880,0.149728,0.044032,0.036544
0.041280,0.150432,0.041728,0.036768
0.040000,0.149824,0.040832,0.039776
0.037952,0.151264,0.041696,0.038944
0.039776,0.151136,0.042624,0.038272
0.036960,0.151136,0.042560,0.037856
0.037856,0.151360,0.042560,0.038592
0.038656,0.152864,0.042528,0.037184
0.041472,0.153440,0.045408,0.038432
0.038784,0.154496,0.043264,0.038464
0.039296,0.152224,0.043328,0.038784
0.039136,0.155616,0.043232,0.040384
0.038592,0.155360,0.043648,0.037792
0.039648,0.156032,0.046240,0.040544
0.039648,0.155296,0.045280,0.040320
0.038336,0.155552,0.042944,0.041408
0.040448,0.155712,0.045568,0.040032
0.042080,0.155104,0.042624,0.037920
0.041856,0.156064,0.044128,0.039200
0.040448,0.156768,0.043520,0.039072
0.038592,0.158592,0.044096,0.039136
0.041024,0.157152,0.044224,0.039520
0.036800,0.157504,0.044960,0.037504
0.040064,0.159552,0.044064,0.040800
0.040608,0.158560,0.043616,0.040704
0.040928,0.159936,0.044096,0.041952
0.037440,0.158880,0.046784,0.039296
0.037280,0.157792,0.043040,0.041728
0.039040,0.160416,0.046016,0.040736
0.037792,0.159296,0.043232,0.040800
0.038240,0.161120,0.045440,0.040192
0.036992,0.160224,0.044320,0.040064
0.038528,0.163104,0.046592,0.041856
0.038464,0.161984,0.043456,0.038336
0.044544,0.163328,0.045056,0.040864
0.045824,0.164704,0.045952,0.038624
0.044736,0.162112,0.044928,0.040096
0.043584,0.162400,0.047136,0.040160
0.042240,0.165280,0.045536,0.040704
0.040448,0.163360,0.046336,0.041184
0.041600,0.162688,0.045664,0.042272
0.045440,0.164672,0.045152,0.041024
0.040160,0.164192,0.047712,0.043520
0.042720,0.165088,0.045856,0.041568
0.042976,0.164544,0.044672,0.040768
0.042080,0.167392,0.045824,0.041312
0.042624,0.165152,0.048288,0.043488
0.042560,0.167840,0.047392,0.041824
0.040928,0.165408,0.046464,0.041536
0.041216,0.169344,0.045664,0.043520
0.038976,0.166720,0.046368,0.043584
0.042560,0.169472,0.047904,0.041568
0.038432,0.166848,0.045760,0.043008
0.039232,0.170048,0.046464,0.041664
0.040192,0.168032,0.048352,0.039904
0.039680,0.170976,0.046528,0.041472
0.038432,0.168736,0.048320,0.042592
0.040000,0.169824,0.047392,0.043456
0.044704,0.170112,0.045856,0.041408
0.039904,0.170400,0.046752,0.041440
0.039232,0.172096,0.048672,0.043040
0.047488,0.172640,0.045792,0.041344
0.045216,0.172928,0.048256,0.041696
0.045216,0.170336,0.045632,0.041024
0.044928,0.173600,0.047232,0.042784
0.043648,0.171232,0.046240,0.044704
0.045056,0.173088,0.047200,0.041760
0.041888,0.172480,0.048352,0.041856
0.042176,0.175296,0.049088,0.041152
0.046176,0.175904,0.049280,0.041888
0.043424,0.175456,0.048128,0.043424
0.044416,0.176800,0.048672,0.043872
0.042336,0.174080,0.047520,0.043008
0.044800,0.175872,0.048256,0.042752
0.043328,0.175456,0.048192,0.044256
0.041984,0.175968,0.047392,0.041664
0.041440,0.176288,0.049984,0.044576
0.040032,0.175776,0.047680,0.042400
0.041728,0.176544,0.048032,0.045376
0.041248,0.178816,0.048480,0.045376
0.042240,0.177696,0.050016,0.042976
0.041088,0.179808,0.050176,0.045024
0.039808,0.177408,0.047136,0.041856
0.043456,0.178912,0.048224,0.044800
0.045760,0.179008,0.049184,0.043904
0.047392,0.181344,0.048288,0.041600
0.048800,0.181440,0.048544,0.043104
0.045376,0.178624,0.047424,0.041920
0.044832,0.181888,0.048768,0.042464
0.046432,0.179648,0.049408,0.046112
0.044096,0.180480,0.047712,0.042528
0.045280,0.181280,0.048704,0.044512
0.044544,0.181376,0.050944,0.043744
0.044224,0.183168,0.047936,0.042560
0.045664,0.182208,0.048672,0.043392
0.044224,0.181760,0.048064,0.044064
0.042368,0.184320,0.048096,0.043680
0.043616,0.183776,0.049056,0.044288
0.041760,0.182624,0.051744,0.042944
0.043392,0.183712,0.048096,0.043424
0.044160,0.184448,0.050368,0.045984
0.041504,0.184448,0.049152,0.044160
0.045184,0.186304,0.049952,0.044384
0.041472,0.186560,0.050272,0.044640
0.042304,0.186304,0.050176,0.046112
0.044512,0.187456,0.051232,0.044576
0.042880,0.185440,0.050304,0.045152
0.041344,0.187264,0.050080,0.047008
0.043040,0.186592,0.049760,0.047040
0.048672,0.187744,0.049792,0.045504
0.042880,0.189856,0.050400,0.044832
0.049152,0.187904,0.049632,0.044736
0.048192,0.188608,0.052288,0.047520
0.048544,0.189184,0.052480,0.045376
0.046752,0.188480,0.052384,0.045216
0.047552,0.190976,0.050368,0.045024
0.047296,0.189696,0.051328,0.045472
0.047424,0.190720,0.051232,0.046848
0.045408,0.189888,0.050336,0.047904
0.047168,0.191168,0.051232,0.045408
0.049536,0.192896,0.050848,0.046816
0.043840,0.191296,0.051264,0.046752
0.045568,0.192256,0.050656,0.043936
0.044864,0.194368,0.051200,0.045408
0.043840,0.194304,0.052960,0.046016
0.042304,0.191520,0.050208,0.046816
0.046336,0.193056,0.053824,0.045024
0.044352,0.193792,0.049728,0.046240
0.043168,0.194720,0.051904,0.046208
0.043328,0.194496,0.055968,0.046272
0.044224,0.196864,0.051488,0.045696
0.051616,0.197696,0.051872,0.045344
0.043616,0.195584,0.051968,0.048224
0.043584,0.195648,0.051488,0.047168
0.044032,0.196256,0.051264,0.044640
0.046656,0.197216,0.052576,0.046368
0.047424,0.197216,0.053888,0.048032
0.045856,0.197920,0.054816,0.047872
0.045664,0.196832,0.051968,0.045088
0.044928,0.199744,0.053088,0.045408
0.048480,0.198528,0.053216,0.047584
0.052128,0.198848,0.061792,0.048320
0.049120,0.198304,0.054784,0.046848
0.050176,0.199008,0.051904,0.046144
0.048320,0.201888,0.054528,0.045728
0.046848,0.200128,0.052704,0.049504
0.048960,0.202656,0.053408,0.047296
0.050016,0.200448,0.053472,0.047744
0.050560,0.200480,0.051584,0.047008
0.051584,0.201728,0.054688,0.047264
0.050944,0.202848,0.053536,0.047744
0.059488,0.202880,0.054688,0.047136
0.045344,0.201952,0.054880,0.047776
0.044320,0.202880,0.052896,0.047648
0.052096,0.203424,0.052640,0.046240
0.045824,0.203616,0.053568,0.045856
0.046208,0.205664,0.053952,0.047968
0.048000,0.206176,0.053536,0.049344
0.044640,0.206528,0.054816,0.047072
0.047136,0.204000,0.055040,0.048064
0.047840,0.204224,0.056576,0.046272
0.047680,0.207360,0.055328,0.048864
0.047552,0.208416,0.054816,0.049920
0.046944,0.206656,0.056608,0.048224
0.046912,0.207936,0.054400,0.050688
0.045312,0.206688,0.056256,0.048736
0.048512,0.207520,0.054496,0.047136
0.049152,0.206752,0.054336,0.048128
0.049184,0.207776,0.054912,0.047936
0.052480,0.208480,0.057184,0.051232
0.053280,0.208704,0.056992,0.049536
0.050144,0.209056,0.055840,0.049824
0.049856,0.209952,0.054944,0.051392
0.049984,0.211808,0.055360,0.049568
0.051488,0.210368,0.054304,0.048608
0.050592,0.209536,0.054272,0.048064
0.055392,0.212768,0.055136,0.051584
0.050880,0.211040,0.057184,0.048832
0.052640,0.211584,0.055904,0.051328
0.053728,0.212352,0.055808,0.048928
0.051840,0.214368,0.056992,0.048928
0.050752,0.212064,0.055840,0.049600
0.054592,0.213088,0.055488,0.050784
0.047232,0.213216,0.056000,0.049184
0.045952,0.214944,0.058144,0.051392
0.047456,0.213664,0.055296,0.050368
0.047616,0.214272,0.055200,0.050272
0.054336,0.215328,0.056064,0.048672
0.047200,0.214720,0.056032,0.048448
0.048672,0.217536,0.056064,0.047968
0.048608,0.217472,0.056544,0.050304
0.047360,0.215808,0.057024,0.050656
0.048512,0.217248,0.056576,0.051520
0.050048,0.218496,0.057024,0.049440
0.048704,0.218784,0.058688,0.051072
0.052000,0.219296,0.056928,0.050304
0.052224,0.218912,0.057280,0.052224
0.050272,0.220704,0.056800,0.051456
0.050304,0.218592,0.057056,0.050336
0.049408,0.219168,0.058208,0.051040
0.049184,0.219712,0.057248,0.052000
0.050336,0.219392,0.057888,0.051648
0.050752,0.220768,0.057088,0.052128
0.049760,0.220512,0.059776,0.050240
0.051232,0.219648,0.059488,0.052992
0.050560,0.220704,0.056768,0.050432
0.051584,0.221824,0.057664,0.051072
0.050976,0.221184,0.057600,0.050304
0.049824,0.220960,0.056864,0.051904
0.052960,0.222176,0.056832,0.051648
0.053088,0.223072,0.057280,0.051104
0.052832,0.223680,0.058560,0.049728
0.053984,0.222880,0.056640,0.053888
0.055264,0.224192,0.057312,0.051712
0.056896,0.224128,0.057120,0.050208
0.053056,0.223488,0.058432,0.052512
0.053056,0.224512,0.056832,0.053920
0.049056,0.225312,0.057312,0.054240
0.050208,0.225536,0.057504,0.051872
0.049920,0.226976,0.060384,0.053312
0.048256,0.226528,0.058624,0.052736
0.048576,0.226720,0.058336,0.051264
0.054624,0.227776,0.060544,0.051936
0.048448,0.227552,0.060032,0.051168
0.049344,0.227744,0.059584,0.052512
0.049760,0.227552,0.059200,0.052480
0.049408,0.229024,0.058848,0.054208
0.048672,0.230272,0.061760,0.051520
0.051872,0.230912,0.059808,0.053376
0.051072,0.230336,0.061216,0.054912
0.053216,0.229888,0.060096,0.052672
0.052416,0.230816,0.060000,0.053440
0.054016,0.230976,0.061696,0.053120
0.054368,0.230592,0.060000,0.052768
0.053536,0.231616,0.059808,0.052800
0.056384,0.231136,0.058496,0.053376
0.052768,0.233824,0.059104,0.052416
0.055232,0.233216,0.059808,0.053632
0.055456,0.233152,0.059072,0.054816
0.056480,0.232928,0.061856,0.053760
0.053216,0.232352,0.059968,0.053312
0.054016,0.233792,0.061984,0.053696
0.055840,0.235360,0.061664,0.054592
0.051456,0.234624,0.062016,0.053440
0.049952,0.234208,0.061856,0.053568
0.051264,0.234528,0.062304,0.053696
0.052448,0.235616,0.061856,0.052480
0.056288,0.237440,0.059104,0.052000
0.060224,0.235872,0.058944,0.054816
0.057344,0.236032,0.059008,0.054464
0.050624,0.237152,0.061152,0.054912
0.057984,0.237632,0.060640,0.054176
0.052416,0.237376,0.062848,0.056288
0.054112,0.238240,0.061408,0.056352
0.057632,0.239072,0.063232,0.054272
0.054368,0.238080,0.060512,0.053728
0.054688,0.238336,0.060416,0.053472
0.053728,0.238496,0.063712,0.054304
0.053376,0.241184,0.063520,0.054912
0.059232,0.240288,0.062368,0.057088
0.057280,0.239872,0.061920,0.055072
0.057824,0.241760,0.061024,0.054304
0.058400,0.242304,0.062240,0.054240
0.056576,0.241120,0.061216,0.054272
0.057504,0.242688,0.061248,0.056704
0.056992,0.242976,0.063936,0.057056
0.057216,0.242560,0.062368,0.054848
0.056864,0.244448,0.065024,0.055744
0.058304,0.243232,0.064416,0.054368
0.056672,0.243520,0.062272,0.055584
0.055808,0.243008,0.061056,0.055264
0.055360,0.244256,0.064064,0.054624
0.058816,0.245248,0.062912,0.057120
0.058816,0.244480,0.062112,0.055968
0.059360,0.245312,0.065088,0.054976
0.058080,0.246208,0.064352,0.056032
0.055648,0.245408,0.065728,0.055840
0.057984,0.246752,0.064096,0.058048
0.060096,0.248512,0.064320,0.055520
0.058784,0.246912,0.064608,0.054592
0.058272,0.246592,0.062688,0.057952
0.053280,0.247712,0.064416,0.057824
0.058336,0.247584,0.063776,0.054976
0.059584,0.248544,0.066944,0.056192
0.059296,0.250720,0.063456,0.055328
0.058048,0.248544,0.065120,0.055904
0.056576,0.248512,0.065376,0.057440
0.058528,0.251328,0.067456,0.055840
0.057312,0.248352,0.064448,0.055072
0.057312,0.252512,0.064544,0.056288
0.055616,0.250752,0.064352,0.057376
0.057600,0.251552,0.066752,0.056704
0.057472,0.251840,0.066496,0.057408
0.055616,0.252064,0.063744,0.057152
0.055008,0.252128,0.063488,0.057376
0.057248,0.252448,0.067904,0.058656
0.057984,0.255008,0.065248,0.056512
0.056448,0.252960,0.067040,0.055904
0.055328,0.254848,0.064800,0.055104
0.053920,0.253792,0.066112,0.056768
0.055136,0.254176,0.064672,0.058304
0.055520,0.254944,0.065536,0.056032
0.057536,0.255904,0.063936,0.057536
0.060320,0.255040,0.065536,0.056768
0.063168,0.256928,0.065888,0.059200
0.055904,0.255776,0.064832,0.055584
0.060896,0.256480,0.066496,0.057440
0.061888,0.257824,0.069024,0.057728
0.060256,0.262016,0.065152,0.056512
0.060544,0.257536,0.065728,0.058752
0.060224,0.258976,0.065248,0.058144
0.060608,0.258752,0.068640,0.059648
0.059616,0.258464,0.066464,0.055808
0.056288,0.258176,0.067744,0.057664
0.061344,0.261184,0.067136,0.059104
0.059200,0.260032,0.066784,0.057152
0.055872,0.259616,0.067712,0.059328
0.057440,0.261184,0.067008,0.058400
0.061440,0.260992,0.065728,0.057184
0.058144,0.262784,0.066784,0.058560
0.056000,0.260960,0.065824,0.058880
0.058688,0.263552,0.068672,0.059264
0.057440,0.261600,0.065568,0.059680
0.057056,0.263904,0.067840,0.059552
0.057600,0.263008,0.068064,0.058720
0.058976,0.262496,0.067872,0.058112
0.056864,0.264576,0.068480,0.058752
0.056608,0.263392,0.068000,0.059008
0.055616,0.263488,0.068416,0.058880
0.063104,0.264000,0.067072,0.060192
0.063136,0.266688,0.065632,0.059712
0.059904,0.264704,0.067072,0.060992
0.061920,0.267104,0.069888,0.059712
0.062752,0.265216,0.066208,0.060352
0.062208,0.267360,0.068992,0.061312
0.060736,0.266688,0.069728,0.060416
0.063136,0.267680,0.068320,0.060032
0.061952,0.267168,0.067072,0.059968
0.059392,0.267104,0.068704,0.058784
0.058400,0.268864,0.067392,0.060576
0.060000,0.268064,0.067616,0.061088
0.061024,0.267040,0.066144,0.057536
0.057696,0.269152,0.068320,0.061088
0.061760,0.271168,0.069632,0.061248
0.063936,0.270208,0.067744,0.060352
0.058624,0.271584,0.068576,0.060416
0.058496,0.269792,0.068640,0.060128
0.057344,0.272672,0.068768,0.061312
0.058016,0.271584,0.068352,0.057952
0.058816,0.271744,0.068640,0.060768
0.058592,0.272352,0.068192,0.059776
0.064224,0.272512,0.067424,0.060032
0.058432,0.272640,0.070752,0.062176
0.060192,0.272672,0.069216,0.059264
0.058688,0.272608,0.068832,0.060448
0.065376,0.274368,0.070848,0.062016
0.064960,0.273696,0.069920,0.061952
0.063008,0.276032,0.070688,0.061920
0.064704,0.276096,0.068160,0.059840
0.064384,0.275264,0.070208,0.062016
0.066496,0.275168,0.071264,0.060608
0.062272,0.275648,0.069024,0.060832
0.063296,0.277504,0.072064,0.062080
0.062336,0.276416,0.069088,0.063616
0.064352,0.279072,0.069280,0.060928
0.063456,0.277760,0.069280,0.062080
0.060448,0.279168,0.068928,0.060960
0.061728,0.277920,0.068288,0.060736
0.062432,0.277568,0.071872,0.061216
0.062528,0.278560,0.068448,0.060864
0.065088,0.279648,0.068832,0.063104
0.061696,0.279872,0.069184,0.061376
0.059360,0.279168,0.070560,0.062016
0.061024,0.280896,0.069120,0.061504
0.059360,0.282240,0.070816,0.060992
0.060032,0.282496,0.069632,0.060096
0.059232,0.280864,0.070528,0.062016
0.066880,0.282656,0.070240,0.062752
0.066016,0.282240,0.070400,0.062912
0.066848,0.281856,0.069216,0.061568
0.065856,0.283520,0.073344,0.062368
0.060992,0.282976,0.069600,0.061696
0.066432,0.284288,0.072704,0.064128
0.064992,0.283104,0.070592,0.061664
0.066848,0.284576,0.072288,0.064256
0.067200,0.284640,0.070112,0.063264
0.065856,0.286656,0.072736,0.062752
0.063840,0.285376,0.070880,0.063776
0.066048,0.285824,0.072640,0.061600
0.062912,0.287104,0.070112,0.063296
0.061760,0.284896,0.073088,0.062816
0.061696,0.286368,0.073088,0.063104
0.063552,0.286528,0.071392,0.063424
0.064256,0.287040,0.070432,0.064192
0.064448,0.286944,0.071872,0.063552
0.064576,0.289504,0.074112,0.063616
0.067136,0.287776,0.070656,0.061056
0.064576,0.288768,0.071840,0.062848
0.066944,0.289504,0.070848,0.062880
0.068672,0.288704,0.073856,0.062816
0.066944,0.290592,0.072768,0.063616
0.067328,0.289984,0.071616,0.061472
0.066368,0.291744,0.072288,0.065728
0.067424,0.291040,0.072576,0.061824
0.062432,0.292768,0.073152,0.062720
0.069472,0.291200,0.071712,0.063616
0.066464,0.292416,0.074688,0.064288
0.066752,0.292064,0.075232,0.062944
0.064384,0.292704,0.072416,0.063744
0.064480,0.292128,0.072576,0.065024
0.064544,0.293088,0.073376,0.066432
0.062336,0.295680,0.075552,0.063872
0.063776,0.294656,0.073312,0.065248
0.062048,0.295840,0.072256,0.063040
0.065312,0.294944,0.075168,0.064960
0.064192,0.295840,0.075840,0.064288
0.064960,0.297600,0.075136,0.065184
0.064640,0.295808,0.072672,0.064704
0.065792,0.297440,0.073888,0.067264
0.064000,0.298112,0.076000,0.065376
0.065120,0.297920,0.072672,0.065344
0.066624,0.298304,0.072640,0.064800
0.065824,0.297536,0.076832,0.065088
0.067200,0.298592,0.074240,0.064672
0.065824,0.298336,0.074016,0.063776
0.067712,0.299040,0.074176,0.064576
0.069024,0.299840,0.073024,0.064800
0.069952,0.299968,0.075776,0.064736
0.066848,0.300288,0.075968,0.065472
0.068160,0.300704,0.075936,0.065568
0.071232,0.300576,0.075264,0.066496
0.067168,0.300672,0.076992,0.067680
0.064736,0.302112,0.074528,0.066144
0.070336,0.301824,0.077632,0.067584
0.061664,0.302720,0.075424,0.064864
0.062720,0.303712,0.074976,0.066880
0.070144,0.302976,0.075456,0.064128
0.064192,0.303168,0.077344,0.064544
0.065760,0.304288,0.074912,0.067136
0.066304,0.303136,0.075744,0.065408
0.064864,0.306048,0.075744,0.067104
0.063712,0.305536,0.076736,0.066208
0.065888,0.306528,0.075872,0.065440
0.064608,0.304992,0.077504,0.066432
0.064320,0.305536,0.077248,0.067104
0.067168,0.306528,0.077600,0.067040
0.066368,0.307200,0.078368,0.068160
0.067360,0.308288,0.077696,0.066848
0.066432,0.307680,0.075808,0.066336
0.067040,0.308256,0.075872,0.065440
0.069696,0.308736,0.076576,0.067104
0.067616,0.311392,0.080352,0.066976
0.069504,0.310112,0.075584,0.069056
0.066976,0.311520,0.076416,0.067136
0.070240,0.311616,0.076224,0.066848
0.067200,0.309184,0.077632,0.067744
0.070496,0.310208,0.076000,0.066272
0.071808,0.310464,0.078528,0.067680
0.069888,0.310944,0.078464,0.066816
0.065088,0.311424,0.075520,0.066944
0.070976,0.313344,0.076576,0.065440
0.071168,0.311680,0.077408,0.065632
0.070944,0.314816,0.080160,0.066944
0.069088,0.312512,0.079040,0.068576
0.065472,0.314720,0.077056,0.066048
0.065440,0.313664,0.080096,0.067520
0.071680,0.313696,0.077248,0.067808
0.065120,0.313408,0.078304,0.067552
0.068448,0.314240,0.077312,0.066048
0.066496,0.314560,0.078848,0.066784
0.064800,0.314848,0.077600,0.069696
0.065344,0.317216,0.080128,0.069952
0.068512,0.315712,0.076864,0.067744
0.066560,0.314688,0.078112,0.067040
0.065920,0.317664,0.080800,0.067680
0.068352,0.317536,0.078848,0.070496
0.066336,0.317728,0.077632,0.068992
0.068256,0.317344,0.077536,0.067776
0.066208,0.317184,0.076384,0.067264
0.067840,0.320352,0.080672,0.069696
0.071296,0.320096,0.078720,0.070656
0.069760,0.319136,0.079840,0.069856
0.070176,0.321376,0.077088,0.069408
0.073568,0.321408,0.078208,0.066944
0.069952,0.321056,0.078816,0.069664
0.070624,0.322368,0.079712,0.068928
0.068224,0.321056,0.080352,0.068448
0.069504,0.321856,0.080352,0.069408
0.069696,0.321792,0.077408,0.070912
0.072096,0.321824,0.079360,0.070080
0.070912,0.323840,0.079808,0.068320
0.074080,0.322656,0.082176,0.069536
0.066144,0.325984,0.080640,0.069824
0.071200,0.324192,0.082112,0.068992
0.071552,0.323424,0.079648,0.071200
0.072544,0.325600,0.079040,0.071200
0.072608,0.324672,0.080480,0.068416
0.068000,0.326176,0.081696,0.069920
0.069632,0.326272,0.081632,0.068928
0.068736,0.326496,0.080576,0.069952
0.068832,0.326336,0.082688,0.069760
0.066304,0.326432,0.081280,0.072032
0.069632,0.327040,0.080256,0.070048
0.068928,0.328768,0.080768,0.070304
0.068512,0.327232,0.083392,0.068480
0.069568,0.327008,0.083456,0.069728
0.070208,0.327744,0.081408,0.070016
0.067360,0.328352,0.082592,0.069600
0.068288,0.328992,0.081120,0.072640
0.068384,0.329504,0.084128,0.071232
0.072384,0.329312,0.081664,0.070560
0.073568,0.331424,0.079584,0.070496
0.070336,0.331552,0.082528,0.069344
0.073664,0.329792,0.080576,0.070400
0.073056,0.332288,0.084448,0.073568
0.072896,0.333152,0.082144,0.072032
0.071648,0.330528,0.082400,0.073600
0.074848,0.330592,0.082816,0.072192
0.068768,0.333376,0.084544,0.072640
0.068128,0.332480,0.082944,0.071104
0.073920,0.334496,0.084576,0.070464
0.070048,0.333088,0.081728,0.071008
0.075232,0.332512,0.083072,0.071616
0.075616,0.333312,0.081888,0.070304
0.075104,0.334208,0.081888,0.070848
0.070080,0.333504,0.082368,0.071072
0.077216,0.334656,0.083456,0.072480
0.076032,0.336288,0.082816,0.071488
0.074528,0.335264,0.084096,0.071584
0.070336,0.335776,0.083296,0.071008
0.070016,0.336896,0.084352,0.071168
0.077312,0.335744,0.085280,0.071584
0.076384,0.337408,0.084800,0.072416
0.068960,0.337696,0.085184,0.076608
0.075200,0.336608,0.086048,0.073184
0.070528,0.338368,0.084448,0.073632
0.069312,0.338720,0.084672,0.074976
0.070016,0.337920,0.085056,0.073888
0.068512,0.338304,0.085024,0.074272
0.069152,0.339872,0.085088,0.072384
0.069888,0.338880,0.084576,0.072384
0.071136,0.341088,0.082080,0.072672
0.070848,0.340096,0.082560,0.074336
0.070304,0.340416,0.082848,0.073408
0.070784,0.341664,0.082624,0.074176
0.071136,0.341472,0.084224,0.071360
0.069952,0.342624,0.087136,0.073088
0.070272,0.342112,0.085920,0.071648
0.070208,0.342976,0.084928,0.072960
0.070720,0.343168,0.083328,0.075008
0.070656,0.344288,0.084832,0.072320
0.071520,0.344384,0.083072,0.073312
0.070432,0.344960,0.086432,0.074464
0.076864,0.344416,0.083680,0.074528
0.076416,0.344128,0.086272,0.074752
0.074880,0.344928,0.086272,0.072352
0.077024,0.345088,0.084960,0.073632
0.075904,0.347392,0.086752,0.073568
0.074464,0.346464,0.086464,0.075296
0.075328,0.346720,0.085568,0.075456
0.075072,0.346592,0.087104,0.076192
0.074528,0.348864,0.086400,0.071808
0.076480,0.349248,0.087840,0.074368
0.073280,0.348128,0.089024,0.075168
0.076448,0.348768,0.084928,0.073920
0.074208,0.348384,0.087104,0.072832
0.074528,0.351168,0.085760,0.073920
0.073184,0.351552,0.086656,0.072672
0.074720,0.348992,0.084704,0.075008
0.074528,0.349184,0.084448,0.076224
0.074304,0.351008,0.085888,0.075616
0.072416,0.352448,0.084384,0.074752
0.072736,0.351968,0.086560,0.076832
0.072288,0.353600,0.084960,0.076864
0.072064,0.354368,0.086336,0.076096
0.073216,0.352832,0.088256,0.075360
0.074752,0.352992,0.085888,0.076160
0.071680,0.354336,0.086624,0.075680
0.079648,0.353568,0.085632,0.073280
0.079968,0.356576,0.087936,0.075584
0.081440,0.355424,0.085600,0.075264
0.081536,0.354688,0.088352,0.074816
0.078080,0.355936,0.089440,0.077408
0.077888,0.357536,0.087616,0.076256
0.079776,0.356288,0.087296,0.076064
0.079456,0.356640,0.087680,0.074752
0.079360,0.358336,0.088192,0.074496
0.077920,0.358976,0.086048,0.074240
0.078944,0.358016,0.086880,0.075584
0.078304,0.358368,0.087456,0.076000
0.077248,0.358368,0.088544,0.074528
0.075072,0.357920,0.087840,0.075744
0.076704,0.360576,0.089184,0.075296
0.077376,0.359328,0.086816,0.074112
0.074528,0.359904,0.086880,0.074688
0.075840,0.363168,0.088896,0.077504
0.074912,0.361344,0.090432,0.077248
0.073984,0.359936,0.086752,0.075072
0.075264,0.360768,0.087040,0.076768
0.074912,0.361536,0.089056,0.076800
0.073824,0.362176,0.089824,0.074976
0.082432,0.361920,0.087712,0.076096
0.074784,0.361856,0.087456,0.076864
0.073824,0.362592,0.087456,0.076352
0.075808,0.363360,0.090240,0.075936
0.074560,0.365216,0.089440,0.075072
0.081376,0.363488,0.088032,0.075584
0.082432,0.365216,0.088864,0.076544
0.078816,0.364512,0.090368,0.076256
0.081920,0.365568,0.089888,0.075744
0.075392,0.364736,0.090080,0.076256
0.081504,0.365600,0.089536,0.075552
0.078304,0.367584,0.090336,0.079104
0.077952,0.366688,0.090368,0.079072
0.078240,0.365344,0.091872,0.076960
0.077952,0.365984,0.091264,0.076704
0.077600,0.367328,0.088320,0.076608
0.075840,0.369376,0.089472,0.078976
0.076352,0.368224,0.089216,0.079680
0.079776,0.369440,0.089312,0.079232
0.076384,0.370208,0.088192,0.075104
0.079008,0.369568,0.089088,0.079328
0.076512,0.368832,0.089152,0.075872
0.075936,0.370624,0.091424,0.078464
0.076576,0.369088,0.090720,0.076544
0.077696,0.369952,0.091520,0.077984
0.075040,0.371904,0.088800,0.078592
0.075328,0.372064,0.093536,0.077920
0.079232,0.372960,0.089728,0.077056
0.081856,0.371456,0.092608,0.078016
0.080992,0.370816,0.092288,0.079840
0.077568,0.372000,0.092160,0.077728
0.077824,0.374912,0.089696,0.080704
0.078080,0.372832,0.094496,0.078048
0.080800,0.373600,0.094016,0.080704
0.083776,0.373984,0.092896,0.078016
0.082976,0.374240,0.092032,0.079168
0.082112,0.374368,0.090656,0.078560
0.081248,0.375840,0.092768,0.079776
0.081440,0.374368,0.091392,0.077504
0.079776,0.374752,0.093312,0.079232
0.081184,0.376096,0.092448,0.079904
0.077216,0.377440,0.091264,0.077088
0.080608,0.376768,0.092608,0.079232
0.079968,0.378464,0.095264,0.079392
0.080864,0.376608,0.093408,0.077984
0.081312,0.377600,0.092224,0.079104
0.077184,0.380224,0.092512,0.078880
0.078144,0.380256,0.090976,0.077984
0.079392,0.378496,0.092384,0.078976
0.077184,0.379008,0.091424,0.079360
0.079168,0.379520,0.093984,0.077888
0.078368,0.379424,0.090080,0.081120
0.077024,0.379840,0.091232,0.081056
0.079648,0.380000,0.093472,0.078144
0.078336,0.380832,0.091648,0.081888
0.076256,0.381120,0.090304,0.080160
0.078656,0.381408,0.091360,0.077664
0.078496,0.382432,0.093664,0.080000
0.078752,0.383808,0.093952,0.078944
0.078624,0.384192,0.093536,0.079264
0.081568,0.382144,0.089760,0.079936
0.080832,0.383552,0.093632,0.080864
0.079968,0.384448,0.092768,0.078944
0.081728,0.383520,0.094016,0.080096
0.081696,0.385024,0.093280,0.079680
0.083104,0.384512,0.092640,0.080320
0.082720,0.385632,0.091360,0.081280
0.083584,0.385344,0.092608,0.081792
0.082176,0.385760,0.092128,0.081120
0.082592,0.385856,0.095296,0.080736
0.081824,0.386880,0.092256,0.079360
0.081312,0.387328,0.097088,0.081632
0.084704,0.387488,0.100736,0.080320
0.086208,0.387136,0.092960,0.080672
0.083104,0.388000,0.093504,0.081856
0.083808,0.388384,0.095680,0.082592
0.083424,0.389280,0.093024,0.081408
0.084832,0.388544,0.095168,0.079968
0.079904,0.390336,0.093664,0.081248
0.078336,0.390048,0.098016,0.081760
0.081248,0.390240,0.094976,0.081536
0.079232,0.390272,0.094592,0.081376
0.080064,0.390816,0.093472,0.079552
0.079232,0.391712,0.095488,0.083008
0.085408,0.391104,0.094816,0.083264
0.080096,0.392224,0.094304,0.082016
0.079104,0.394016,0.094752,0.080864
0.079968,0.391712,0.095904,0.081408
0.078496,0.392768,0.094144,0.081984
0.082368,0.394560,0.095264,0.080832
0.083104,0.392736,0.095904,0.081536
0.080896,0.393312,0.096256,0.081056
0.081888,0.394176,0.093568,0.082848
0.084032,0.395264,0.097152,0.083968
0.082144,0.394560,0.095712,0.081664
0.083584,0.395744,0.097728,0.083168
0.082240,0.395456,0.094784,0.081952
0.087296,0.397152,0.097920,0.082432
0.082944,0.397984,0.095520,0.082016
0.084832,0.403840,0.098944,0.083360
0.086464,0.397376,0.095328,0.081888
0.087232,0.399072,0.095520,0.084576
0.085792,0.397920,0.096320,0.082432
0.084416,0.400128,0.095904,0.085312
0.087776,0.398496,0.095520,0.082528
0.087264,0.399552,0.097696,0.083104
0.086816,0.398208,0.096576,0.081056
0.083552,0.401216,0.097536,0.083008
0.088192,0.399616,0.095392,0.083616
0.080896,0.400672,0.094560,0.085184
0.081888,0.400608,0.096992,0.081472
0.086432,0.402688,0.098304,0.082560
0.081728,0.402208,0.096544,0.082400
0.081664,0.401728,0.093984,0.083424
0.083520,0.403168,0.095552,0.082848
0.084608,0.404352,0.096640,0.084096
0.081856,0.404160,0.094880,0.083904
0.083328,0.404800,0.099488,0.084640
0.083168,0.404960,0.094464,0.083488
0.081440,0.405728,0.098080,0.086016
0.082688,0.405888,0.095488,0.083488
0.083328,0.403744,0.097216,0.083392
0.082080,0.404480,0.098656,0.085280
0.083872,0.404960,0.099200,0.084160
0.086208,0.405984,0.096000,0.084320
0.088672,0.405216,0.096576,0.084576
0.084960,0.406176,0.096992,0.085056
0.085792,0.409024,0.097376,0.083264
0.084576,0.407936,0.096352,0.083904
0.088224,0.407744,0.099008,0.086208
0.086144,0.408096,0.099712,0.086560
0.087168,0.409408,0.097664,0.086688
0.090912,0.409472,0.096480,0.086528
0.084960,0.409120,0.098976,0.084928
0.087392,0.410752,0.105088,0.083616
0.082656,0.409984,0.099872,0.085312
0.083232,0.410112,0.095904,0.083584
0.082176,0.413120,0.099488,0.086816
0.089600,0.411296,0.096992,0.084608
0.088384,0.413088,0.101792,0.085664
0.090112,0.412256,0.097824,0.085056
0.083392,0.413888,0.100896,0.084384
0.081888,0.413440,0.098464,0.084800
0.083616,0.412928,0.099648,0.085824
0.088896,0.413088,0.098400,0.084608
0.082432,0.413216,0.099488,0.085024
0.083424,0.413248,0.099488,0.084256
0.082080,0.415424,0.101920,0.085472
0.089664,0.414912,0.097120,0.085664
0.085536,0.413664,0.098976,0.086464
0.083200,0.416640,0.097760,0.085728
0.083680,0.416608,0.100704,0.087584
0.086176,0.416160,0.098752,0.085856
0.084160,0.416512,0.102752,0.085568
0.084672,0.417920,0.098624,0.085056
0.088800,0.418848,0.098592,0.085536
0.086016,0.417280,0.098944,0.087136
0.089024,0.417312,0.099840,0.086400
0.088672,0.417312,0.100608,0.085728
0.088544,0.417952,0.097952,0.087424
0.089824,0.418304,0.098752,0.085152
0.087520,0.418592,0.099168,0.087808
0.088512,0.419744,0.099456,0.086016
0.089600,0.419584,0.100000,0.085664
0.086752,0.419648,0.100352,0.086944
0.087040,0.420416,0.100064,0.087008
0.087648,0.421376,0.102848,0.085152
0.083616,0.421984,0.102336,0.086208
0.084736,0.420352,0.098944,0.088800
0.086752,0.422880,0.099904,0.087008
0.088768,0.423744,0.102528,0.087584
0.083424,0.421696,0.098976,0.088448
0.083616,0.424320,0.099360,0.087520
0.085536,0.424192,0.101792,0.087168
0.086656,0.423488,0.101184,0.088704
0.092288,0.421760,0.099392,0.086624
0.086848,0.423136,0.103232,0.088416
0.084768,0.423008,0.100544,0.089056
0.085440,0.422592,0.099456,0.088864
0.085920,0.422976,0.100576,0.087200
0.085376,0.423904,0.102464,0.087424
0.087616,0.425408,0.099936,0.090112
0.087840,0.425248,0.101568,0.086976
0.088320,0.424608,0.100736,0.089248
0.086176,0.425792,0.100640,0.086688
0.087296,0.428000,0.102976,0.087360
0.085664,0.426240,0.104064,0.086912
0.084800,0.427904,0.102432,0.088640
0.089568,0.426368,0.106272,0.089376
0.087456,0.427328,0.101344,0.087104
0.087936,0.428512,0.107360,0.088064
0.086688,0.428640,0.103296,0.088800
0.086944,0.428640,0.102688,0.088160
0.089472,0.430720,0.102304,0.088416
0.086592,0.428576,0.104832,0.090208
0.088000,0.429728,0.102496,0.090080
0.090528,0.429760,0.103904,0.090304
0.092256,0.430496,0.101664,0.090240
0.090912,0.430080,0.105312,0.088192
0.089280,0.430880,0.103360,0.087936
0.092096,0.431392,0.102336,0.089344
0.090848,0.433792,0.107264,0.088864
0.092960,0.432800,0.105728,0.087968
0.090400,0.432064,0.103840,0.089312