0.028320,0.046112,0.016672,0.015072,0.000000
0.018560,0.045152,0.016288,0.015584,0.000000
0.018976,0.051456,0.014720,0.014432,0.000000
0.018304,0.052960,0.013888,0.013280,0.000000
0.018432,0.055552,0.013920,0.013184,0.000000
0.018112,0.059552,0.013760,0.013600,0.000000
0.014464,0.068672,0.015072,0.016160,0.000000
0.015712,0.077984,0.016416,0.016320,0.000000
0.012064,0.074272,0.016192,0.013216,0.000000
0.013024,0.090560,0.016064,0.014208,0.000000
0.015904,0.094176,0.013376,0.016160,0.000000
0.010784,0.093888,0.014944,0.016736,0.000000
0.009536,0.102688,0.015232,0.016160,0.000000
0.009440,0.097504,0.016608,0.013760,0.000000
0.009248,0.095872,0.014112,0.014976,0.000000
0.007840,0.109024,0.016512,0.016544,0.000000
0.007200,0.114816,0.015392,0.014976,0.000000
0.016352,0.125184,0.017376,0.014304,0.000000
0.019072,0.123360,0.014592,0.015584,0.000000
0.015648,0.128832,0.015808,0.017088,0.000000
0.014720,0.133664,0.014976,0.013792,0.000000
0.015360,0.142656,0.017472,0.015264,0.000000
0.014720,0.145568,0.014624,0.016224,0.000000
0.012832,0.143552,0.015072,0.016160,0.000000
0.013920,0.151648,0.014816,0.015488,0.000000
0.012576,0.149952,0.015424,0.014208,0.000000
0.013024,0.159680,0.015360,0.015904,0.000000
0.012736,0.166112,0.016256,0.016320,0.000000
0.011040,0.158880,0.017312,0.015136,0.000000
0.010784,0.166784,0.016576,0.015200,0.000000
0.011104,0.173792,0.015008,0.014464,0.000000
0.014208,0.175200,0.016384,0.015968,0.000000
0.012992,0.180384,0.017120,0.015520,0.000000
0.012192,0.194048,0.016448,0.018304,0.000000
0.011424,0.199072,0.016160,0.015680,0.000000
0.011456,0.186944,0.017120,0.016256,0.000000
0.012128,0.204960,0.015968,0.018816,0.000000
0.011040,0.209280,0.017536,0.017344,0.000000
0.012320,0.210592,0.018400,0.018208,0.000000
0.010752,0.209664,0.016544,0.015968,0.000000
0.012160,0.218336,0.016352,0.017728,0.000000
0.011968,0.223232,0.018176,0.016288,0.000000
0.013216,0.229504,0.016320,0.016640,0.000000
0.011072,0.217472,0.018848,0.015872,0.000000
0.012736,0.234208,0.016960,0.016672,0.000000
0.012192,0.230656,0.017184,0.016384,0.000000
0.012352,0.244384,0.016672,0.017440,0.000000
0.015680,0.248736,0.019168,0.018336,0.000000
0.016576,0.252960,0.019232,0.017184,0.000000
0.016352,0.266272,0.019872,0.017984,0.000000
0.015456,0.256032,0.017376,0.017728,0.000000
0.014976,0.260128,0.019680,0.017184,0.000000
0.014144,0.259904,0.017824,0.018624,0.000000
0.014752,0.260096,0.018368,0.020384,0.000000
0.015392,0.279264,0.019072,0.018112,0.000000
0.014944,0.276640,0.018272,0.017824,0.000000
0.012768,0.282528,0.018336,0.017088,0.000000
0.013888,0.283360,0.018112,0.017152,0.000000
0.013152,0.294560,0.017632,0.017536,0.000000
0.013120,0.291040,0.019008,0.017120,0.000000
0.013120,0.288160,0.019040,0.017184,0.000000
0.011744,0.303680,0.019936,0.018144,0.000000
0.013632,0.301696,0.019168,0.019488,0.000000
0.016192,0.309376,0.020064,0.020320,0.000000
0.013120,0.317632,0.019360,0.018240,0.000000
0.014272,0.323296,0.019616,0.018400,0.000000
0.013408,0.330720,0.019456,0.019168,0.000000
0.016096,0.329952,0.021824,0.020096,0.000000
0.016704,0.320928,0.021088,0.019328,0.000000
0.013664,0.337568,0.020928,0.018848,0.000000
0.016352,0.344640,0.020928,0.019808,0.000000
0.013504,0.333024,0.020064,0.018656,0.000000
0.015776,0.344224,0.022336,0.020960,0.000000
0.014016,0.353088,0.019680,0.019136,0.000000
0.014624,0.358112,0.019712,0.019392,0.000000
0.020512,0.355072,0.018880,0.019072,0.000000
0.021216,0.363584,0.019872,0.019232,0.000000
0.018304,0.370176,0.021312,0.018880,0.000000
0.015648,0.371840,0.019840,0.021216,0.000000
0.025888,0.379872,0.019936,0.020960,0.000000
0.021344,0.378848,0.019744,0.019520,0.000000
0.021568,0.371936,0.020480,0.020032,0.000000
0.020704,0.385312,0.021568,0.019712,0.000000
0.015520,0.393920,0.020256,0.019424,0.000000
0.019424,0.399328,0.020416,0.019488,0.000000
0.022048,0.386240,0.020640,0.019712,0.000000
0.020736,0.408064,0.020416,0.020640,0.000000
0.019968,0.410176,0.022272,0.021216,0.000000
0.018176,0.398560,0.023104,0.019328,0.000000
0.017376,0.426656,0.021984,0.019328,0.000000
0.016288,0.421504,0.021280,0.020576,0.000000
0.018400,0.437184,0.020864,0.021792,0.000000
0.016128,0.432576,0.020736,0.020288,0.000000
0.019712,0.415584,0.022784,0.020576,0.000000
0.017120,0.444864,0.021440,0.022144,0.000000
0.019072,0.453312,0.023872,0.020512,0.000000
0.018080,0.464672,0.021824,0.020576,0.000000
0.017088,0.453888,0.022016,0.021312,0.000000
0.017216,0.466496,0.023360,0.021568,0.000000
0.016448,0.462272,0.022304,0.022624,0.000000
0.016832,0.473184,0.023808,0.021280,0.000000
0.015776,0.492096,0.022304,0.021408,0.000000
0.019232,0.473952,0.022240,0.021440,0.000000
0.023616,0.481664,0.022528,0.022880,0.000000
0.021312,0.483936,0.023072,0.021536,0.000000
0.022848,0.487808,0.022080,0.022656,0.000000
0.023008,0.488768,0.022592,0.021344,0.000000
0.021664,0.494144,0.024576,0.022144,0.000000
0.022880,0.499616,0.022464,0.022144,0.000000
0.019968,0.503488,0.022784,0.023552,0.000000
0.021600,0.520192,0.024512,0.023776,0.000000
0.020288,0.520672,0.024384,0.021376,0.000000
0.018656,0.518624,0.022784,0.021856,0.000000
0.021664,0.519584,0.024480,0.023616,0.000000
0.020064,0.538912,0.024640,0.021760,0.000000
0.017536,0.530400,0.023136,0.022720,0.000000
0.017664,0.544672,0.024448,0.023392,0.000000
0.018176,0.539040,0.023104,0.023328,0.000000
0.018976,0.539296,0.023520,0.023648,0.000000
0.019776,0.546912,0.024608,0.022368,0.000000
0.017632,0.549312,0.023488,0.022400,0.000000
0.016384,0.540160,0.022592,0.021376,0.000000
0.026112,0.530592,0.023936,0.020448,0.000000
0.018272,0.539072,0.022816,0.023680,0.000000
0.025664,0.533248,0.023520,0.022720,0.000000
0.022144,0.509536,0.022976,0.022624,0.000000
0.020768,0.519680,0.022368,0.021728,0.000000
0.023680,0.505024,0.023424,0.022432,0.000000
0.021696,0.501920,0.023520,0.023712,0.000000
0.020864,0.498016,0.023200,0.021632,0.000000
0.019200,0.490400,0.022976,0.022080,0.000000
0.018496,0.487072,0.022240,0.022144,0.000000
0.019200,0.474464,0.023008,0.024160,0.000000
0.018496,0.496384,0.025120,0.022752,0.000000
0.019552,0.539520,0.025024,0.021536,0.000000
0.019104,0.506592,0.025120,0.022560,0.000000
0.017824,0.506240,0.021952,0.021504,0.000000
0.025824,0.510624,0.022336,0.024320,0.000000
0.020032,0.517376,0.023648,0.024128,0.000000
0.020160,0.514912,0.023008,0.021376,0.000000
0.026848,0.525600,0.023616,0.024032,0.000000
0.024832,0.564128,0.023744,0.022784,0.000000
0.026048,0.529536,0.023712,0.021440,0.000000
0.023136,0.555712,0.023680,0.024832,0.000000
0.022720,0.541440,0.023840,0.022880,0.000000
0.019840,0.542688,0.022944,0.021728,0.000000
0.023968,0.544256,0.023744,0.098208,0.000000
0.024832,0.551168,0.025824,0.023008,0.000000
0.024064,0.537760,0.022560,0.024928,0.000000
0.023680,0.555296,0.023584,0.022720,0.000000
0.022496,0.537472,0.025984,0.022784,0.000000
0.021920,0.558944,0.023136,0.022080,0.000000
0.021568,0.542336,0.025792,0.022848,0.000000
0.019840,0.571200,0.022848,0.022848,0.000000
0.020320,0.543584,0.023360,0.022272,0.000000
0.021216,0.570528,0.026304,0.023424,0.000000
0.021824,0.550624,0.024512,0.022720,0.000000
0.021248,0.575328,0.024256,0.023680,0.000000
0.020736,0.554432,0.023936,0.024384,0.000000
0.027008,0.580992,0.025888,0.022720,0.000000
0.020672,0.565472,0.025376,0.025568,0.000000
0.020096,0.594176,0.024480,0.024416,0.000000
0.023040,0.576704,0.025184,0.024480,0.000000
0.022848,0.606272,0.025472,0.024448,0.000000
0.026496,0.575392,0.024352,0.022816,0.000000
0.027488,0.615584,0.024224,0.022624,0.000000
0.028384,0.593184,0.025408,0.025696,0.000000
0.025664,0.617632,0.027328,0.024512,0.000000
0.026400,0.583840,0.027264,0.028960,0.000000
0.028704,0.619200,0.025312,0.023552,0.000000
0.027328,0.601248,0.027168,0.026528,0.000000
0.027968,0.634688,0.026112,0.026592,0.000000
0.024352,0.609760,0.026112,0.024544,0.000000
0.023936,0.626784,0.024992,0.023648,0.000000
0.024576,0.609632,0.025952,0.024576,0.000000
0.023392,0.643424,0.027328,0.026688,0.000000
0.022112,0.621696,0.038944,0.023168,0.000000
0.024800,0.653824,0.026080,0.024416,0.000000
0.023488,0.643680,0.025376,0.023584,0.000000
0.023744,0.657024,0.025792,0.024352,0.000000
0.021152,0.657856,0.027968,0.025120,0.000000
0.023200,0.659616,0.025664,0.025280,0.000000
0.022560,0.656992,0.028320,0.025504,0.000000
0.022208,0.681184,0.028032,0.025056,0.000000
0.020992,0.666176,0.024992,0.023968,0.000000
0.023040,0.673536,0.025760,0.027136,0.000000
0.023488,0.680416,0.028672,0.026144,0.000000
0.024256,0.676288,0.027808,0.027296,0.000000
0.028736,0.683808,0.029056,0.026112,0.000000
0.022880,0.696864,0.027808,0.026144,0.000000
0.027808,0.691776,0.027584,0.025216,0.000000
0.028672,0.694752,0.025984,0.025024,0.000000
0.027360,0.691232,0.027392,0.024800,0.000000
0.027616,0.708768,0.026176,0.026272,0.000000
0.027488,0.717792,0.028000,0.025856,0.000000
0.028832,0.712352,0.027616,0.026080,0.000000
0.027104,0.720672,0.027456,0.026240,0.000000
0.026176,0.793728,0.027648,0.028544,0.000000
0.023808,0.720992,0.026720,0.025120,0.000000
0.028256,0.731904,0.027648,0.026912,0.000000
0.024992,0.730624,0.029664,0.025152,0.000000
0.025600,0.729312,0.029696,0.025888,0.000000
0.026656,0.744384,0.029632,0.026720,0.000000
0.024096,0.733760,0.029504,0.028096,0.000000
0.025152,0.738080,0.028864,0.025984,0.000000
0.024096,0.742368,0.028320,0.028096,0.000000
0.025856,0.751904,0.028832,0.026656,0.000000
0.022880,0.743616,0.026752,0.026848,0.000000
0.025440,0.762720,0.027488,0.025856,0.000000
0.024032,0.747616,0.027328,0.027584,0.000000
0.026112,0.767488,0.027616,0.026048,0.000000
0.024032,0.756672,0.028096,0.026656,0.000000
0.023680,0.762208,0.028224,0.028864,0.000000
0.028640,0.768224,0.040160,0.027264,0.000000
0.031424,0.772704,0.028000,0.030112,0.000000
0.024160,0.784448,0.030240,0.028768,0.000000
0.028896,0.776608,0.029024,0.028192,0.000000
0.023840,0.783232,0.029984,0.027712,0.000000
0.031904,0.801344,0.031008,0.027488,0.000000
0.028096,0.798528,0.029984,0.028128,0.000000
0.028576,0.795808,0.031200,0.026688,0.000000
0.028800,0.802400,0.029696,0.028224,0.000000
0.026112,0.804192,0.031200,0.028384,0.000000
0.025760,0.815840,0.029536,0.027584,0.000000
0.025632,0.810816,0.029824,0.028352,0.000000
0.026720,0.815872,0.030208,0.028480,0.000000
0.026016,0.853440,0.029856,0.028480,0.000000
0.025792,0.814656,0.030592,0.027680,0.000000
0.023968,0.820448,0.031904,0.030560,0.000000
0.026016,0.828928,0.029888,0.030336,0.000000
0.025280,0.833568,0.029632,0.028416,0.000000
0.024288,0.835552,0.031680,0.029856,0.000000
0.024768,0.841664,0.031872,0.030336,0.000000
0.025984,0.838496,0.030464,0.028320,0.000000
0.024960,0.849952,0.030688,0.030272,0.000000
0.024800,0.841568,0.030816,0.028160,0.000000
0.024768,0.848192,0.031808,0.028960,0.000000
0.025312,0.851904,0.032096,0.028288,0.000000
0.030592,0.851136,0.030656,0.028352,0.000000
0.026176,0.857664,0.029248,0.028384,0.000000
0.030592,0.860512,0.030592,0.027136,0.000000
0.031808,0.862592,0.030496,0.028256,0.000000
0.029728,0.868384,0.030560,0.030272,0.000000
0.030720,0.884864,0.030528,0.029408,0.000000
0.029152,0.872896,0.031168,0.028352,0.000000
0.031072,0.886144,0.032576,0.028192,0.000000
0.028480,0.871264,0.031392,0.030752,0.000000
0.030048,0.890048,0.031296,0.030080,0.000000
0.028256,0.892320,0.031456,0.029216,0.000000
0.031008,0.889664,0.031584,0.028416,0.000000
0.030048,0.908928,0.030592,0.028000,0.000000
0.028224,0.894688,0.030848,0.028768,0.000000
0.025760,0.906816,0.031136,0.029024,0.000000
0.027008,0.900544,0.030720,0.032064,0.000000
0.027072,0.921472,0.032160,0.030016,0.000000
0.028128,0.916224,0.032576,0.031904,0.000000
0.028704,0.923680,0.033472,0.029760,0.000000
0.029344,0.928096,0.032384,0.029792,0.000000
0.027616,0.928704,0.032000,0.030112,0.000000
0.027968,0.930560,0.032448,0.032192,0.000000
0.027424,0.936128,0.034176,0.029088,0.000000
0.028288,0.929472,0.031456,0.030560,0.000000
0.032544,0.925632,0.031328,0.032032,0.000000
0.026368,0.935680,0.034464,0.030688,0.000000
0.027616,0.952256,0.033216,0.029952,0.000000
0.026240,0.952800,0.032320,0.030752,0.000000
0.028800,0.950912,0.034464,0.030624,0.000000
0.028448,0.953920,0.031520,0.030816,0.000000
0.028576,0.966752,0.034080,0.029216,0.000000
0.029216,0.966080,0.032192,0.029728,0.000000
0.031040,0.970336,0.031232,0.028800,0.000000
0.027968,0.966144,0.034432,0.030048,0.000000
0.030080,0.972256,0.032960,0.029792,0.000000
0.033088,0.985184,0.032928,0.033152,0.000000
0.033568,0.989920,0.032960,0.032768,0.000000
0.031936,0.991744,0.032064,0.030624,0.000000
0.032288,0.977792,0.032576,0.029824,0.000000
0.030176,0.987936,0.033472,0.033536,0.000000
0.032928,0.993408,0.033920,0.031680,0.000000
0.034656,1.000224,0.032992,0.032640,0.000000
0.033792,1.005568,0.036256,0.032704,0.000000
0.035872,0.999360,0.033856,0.030912,0.000000
0.033568,1.007328,0.032928,0.030560,0.000000
0.032448,1.016960,0.033568,0.032288,0.000000
0.033376,1.016544,0.034848,0.031456,0.000000
0.033984,1.019648,0.035744,0.032224,0.000000
0.034016,1.022176,0.034368,0.033568,0.000000
0.029632,1.014432,0.033632,0.031456,0.000000
0.029088,1.020800,0.035840,0.031328,0.000000
0.029536,1.027104,0.034848,0.031648,0.000000
0.035200,1.032320,0.034336,0.033984,0.000000
0.035264,1.025472,0.034432,0.031552,0.000000
0.029792,1.033952,0.033824,0.031360,0.000000
0.029056,1.036064,0.034688,0.033600,0.000000
0.036448,1.040416,0.034528,0.032512,0.000000
0.031328,1.064256,0.034720,0.032768,0.000000
0.031296,1.044576,0.034272,0.031296,0.000000
0.031680,1.052480,0.036544,0.032128,0.000000
0.031680,1.044768,0.035360,0.032064,0.000000
0.030176,1.073664,0.036672,0.032896,0.000000
0.031744,1.063296,0.035136,0.031392,0.000000
0.030016,1.061248,0.033760,0.032736,0.000000
0.032064,1.059872,0.035392,0.033056,0.000000
0.032736,1.104704,0.035552,0.032032,0.000000
0.033024,1.074528,0.036992,0.032128,0.000000
0.032320,1.075104,0.034496,0.034464,0.000000
0.030944,1.128384,0.035360,0.033024,0.000000
0.034080,1.084448,0.035488,0.034176,0.000000
0.034592,1.086048,0.036256,0.032256,0.000000
0.031488,1.090176,0.035232,0.035104,0.000000
0.037184,1.092224,0.036352,0.035072,0.000000
0.034656,1.090208,0.036640,0.033696,0.000000
0.036352,1.101696,0.035808,0.032768,0.000000
0.036576,1.103392,0.036576,0.035776,0.000000
0.035296,1.100448,0.038048,0.033728,0.000000
0.036800,1.099104,0.038272,0.034080,0.000000
0.034816,1.100384,0.035072,0.033280,0.000000
0.035648,1.108032,0.036960,0.035840,0.000000
0.037824,1.109120,0.036704,0.033856,0.000000
0.035936,1.112320,0.038304,0.032800,0.000000
0.036000,1.118752,0.036800,0.034016,0.000000
0.037440,1.123680,0.038784,0.035040,0.000000
0.036160,1.127296,0.036096,0.033504,0.000000
0.036480,1.131104,0.041280,0.036064,0.000000
0.038656,1.134080,0.036992,0.034720,0.000000
0.031552,1.128384,0.036896,0.033632,0.000000
0.030112,1.133312,0.036064,0.036640,0.000000
0.038304,1.143744,0.038848,0.034560,0.000000
0.032512,1.187840,0.037024,0.036640,0.000000
0.030112,1.179456,0.036928,0.034528,0.000000
0.033344,1.182976,0.036160,0.033888,0.000000
0.031264,1.152352,0.035968,0.033024,0.000000
0.032992,1.154304,0.036032,0.035040,0.000000
0.033280,1.160512,0.038784,0.035456,0.000000
0.032672,1.168128,0.037888,0.035648,0.000000
0.034048,1.166720,0.036288,0.033824,0.000000
0.037280,1.165632,0.038720,0.034272,0.000000
0.035392,1.174944,0.036544,0.034464,0.000000
0.034528,1.169856,0.038240,0.035520,0.000000
0.036256,1.172576,0.038464,0.037152,0.000000
0.036768,1.190592,0.036960,0.034464,0.000000
0.034944,1.189920,0.038432,0.037248,0.000000
0.038912,1.187168,0.038496,0.035104,0.000000
0.038016,1.192960,0.037792,0.034240,0.000000
0.036416,1.191680,0.040576,0.035424,0.000000
0.037472,1.191936,0.037728,0.034720,0.000000
0.036064,1.194848,0.038048,0.035968,0.000000
0.038016,1.237056,0.038432,0.037280,0.000000
0.037728,1.207424,0.037632,0.035008,0.000000
0.038016,1.205056,0.039616,0.034208,0.000000
0.040448,1.221152,0.040576,0.036864,0.000000
0.036224,1.210464,0.038208,0.035328,0.000000
0.039744,1.227776,0.039488,0.035904,0.000000
0.039616,1.224000,0.038592,0.035072,0.000000
0.039040,1.256416,0.039392,0.037056,0.000000
0.033632,1.266688,0.039776,0.035392,0.000000
0.038784,1.222752,0.038368,0.035232,0.000000
0.038816,1.233760,0.039264,0.035936,0.000000
0.033792,1.228096,0.038400,0.035232,0.000000
0.038240,1.243648,0.039296,0.036160,0.000000
0.033920,1.247232,0.041248,0.037984,0.000000
0.032448,1.240480,0.039072,0.035136,0.000000
0.032480,1.253408,0.041312,0.038080,0.000000
0.035296,1.248800,0.038336,0.036192,0.000000
0.034240,1.261888,0.041248,0.036736,0.000000
0.038144,1.262208,0.038336,0.035232,0.000000
0.033760,1.271648,0.041376,0.036256,0.000000
0.035616,1.260096,0.041312,0.037408,0.000000
0.035584,1.270144,0.039136,0.035296,0.000000
0.035712,1.271776,0.042272,0.038688,0.000000
0.037952,1.273472,0.039456,0.037920,0.000000
0.035968,1.280800,0.040832,0.036896,0.000000
0.036384,1.274368,0.039968,0.037056,0.000000
0.041632,1.292896,0.040576,0.037408,0.000000
0.037664,1.288288,0.039904,0.036640,0.000000
0.036000,1.278816,0.042624,0.037184,0.000000
0.040096,1.304160,0.040736,0.037568,0.000000
0.036256,1.299712,0.042720,0.038304,0.000000
0.039264,1.297216,0.042752,0.037440,0.000000
0.035520,1.300864,0.042944,0.039488,0.000000
0.039264,1.301760,0.040864,0.038400,0.000000
0.037088,1.309376,0.042816,0.038272,0.000000
0.035296,1.346656,0.040864,0.037312,0.000000
0.039968,1.307776,0.041568,0.040416,0.000000
0.035712,1.316608,0.041888,0.037696,0.000000
0.039648,1.313504,0.041696,0.037856,0.000000
0.035424,1.317216,0.041440,0.040512,0.000000
0.043616,1.330048,0.041632,0.039232,0.000000
0.035968,1.335904,0.041472,0.038144,0.000000
0.040160,1.329312,0.043616,0.037504,0.000000
0.035200,1.333056,0.043680,0.037088,0.000000
0.033984,1.333472,0.042272,0.039456,0.000000
0.037408,1.335168,0.040800,0.036640,0.000000
0.040512,1.368736,0.041632,0.040384,0.000000
0.037216,1.355200,0.040928,0.037440,0.000000
0.037600,1.379968,0.043584,0.037920,0.000000
0.038016,1.341920,0.040768,0.037600,0.000000
0.036000,1.351648,0.042176,0.040320,0.000000
0.038560,1.352352,0.041568,0.037600,0.000000
0.040928,1.359712,0.043200,0.038272,0.000000
0.037920,1.351488,0.044640,0.038720,0.000000
0.037888,1.379008,0.043776,0.039168,0.000000
0.038752,1.365440,0.043424,0.039264,0.000000
0.038720,1.374656,0.043200,0.038400,0.000000
0.037280,1.369888,0.043200,0.040000,0.000000
0.041120,1.379488,0.042048,0.040736,0.000000
0.039936,1.377024,0.043296,0.040096,0.000000
0.036512,1.384864,0.043296,0.040608,0.000000
0.038464,1.392000,0.043360,0.040096,0.000000
0.041536,1.389184,0.043360,0.040032,0.000000
0.040512,1.431552,0.044960,0.038976,0.000000
0.042432,1.403968,0.044992,0.039456,0.000000
0.039936,1.387648,0.042912,0.041088,0.000000
0.039776,1.402528,0.044896,0.040704,0.000000
0.042496,1.401056,0.045248,0.040832,0.000000
0.041408,1.413408,0.043360,0.040736,0.000000
0.040032,1.418432,0.044064,0.040032,0.000000
0.039328,1.420800,0.042400,0.038976,0.000000
0.039232,1.430080,0.043904,0.041696,0.000000
0.036928,1.418464,0.044064,0.040896,0.000000
0.037792,1.424864,0.043840,0.039264,0.000000
0.039040,1.433152,0.044032,0.040288,0.000000
0.038720,1.460416,0.042848,0.039776,0.000000
0.037728,1.439168,0.043712,0.040832,0.000000
0.035968,1.431648,0.044000,0.042816,0.000000
0.037536,1.433184,0.043072,0.038976,0.000000
0.038816,1.439264,0.045984,0.042848,0.000000
0.037312,1.443264,0.045792,0.041952,0.000000
0.046144,1.455424,0.042944,0.039680,0.000000
0.043904,1.473696,0.046816,0.042752,0.000000
0.037056,1.456512,0.046720,0.041120,0.000000
0.044768,1.453408,0.044672,0.040608,0.000000
0.043584,1.468064,0.045312,0.042016,0.000000
0.043904,1.461920,0.046784,0.041440,0.000000
0.043616,1.508768,0.044640,0.040448,0.000000
0.043232,1.468864,0.045344,0.041088,0.000000
0.040800,1.471552,0.047552,0.042304,0.000000
0.043072,1.468960,0.044384,0.041504,0.000000
0.042592,1.475456,0.045408,0.041952,0.000000
0.039936,1.486912,0.049632,0.041792,0.000000
0.043296,1.490784,0.044864,0.041216,0.000000
0.042272,1.491808,0.045632,0.041440,0.000000
0.039552,1.494912,0.046048,0.042272,0.000000
0.039200,1.490592,0.044448,0.042144,0.000000
0.039072,1.504032,0.046496,0.041568,0.000000
0.039712,1.503232,0.046112,0.047136,0.000000
0.041216,1.501824,0.046848,0.041216,0.000000
0.039072,1.505312,0.047392,0.041728,0.000000
0.039264,1.538208,0.046272,0.041440,0.000000
0.039136,1.507744,0.046592,0.043616,0.000000
0.041536,1.515456,0.046720,0.042720,0.000000
0.040384,1.521792,0.046624,0.043264,0.000000
0.047072,1.520320,0.046304,0.042272,0.000000
0.045120,1.517536,0.045408,0.044256,0.000000
0.045152,1.532512,0.045248,0.042912,0.000000
0.046720,1.530464,0.046304,0.043104,0.000000
0.044768,1.532768,0.048096,0.043488,0.000000
0.039136,1.543392,0.045152,0.042240,0.000000
0.045408,1.542048,0.045440,0.042400,0.000000
0.041920,1.543616,0.047584,0.042624,0.000000
0.042624,1.550624,0.048928,0.042400,0.000000
0.044640,1.543264,0.046304,0.043072,0.000000
0.046112,1.557760,0.049792,0.043328,0.000000
0.043392,1.554624,0.047040,0.044768,0.000000
0.040896,1.560384,0.049888,0.043136,0.000000
0.045312,1.566720,0.048096,0.044032,0.000000
0.042496,1.572704,0.046912,0.042816,0.000000
0.043968,1.569312,0.049824,0.045152,0.000000
0.044064,1.566464,0.048704,0.042432,0.000000
0.041152,1.568256,0.048256,0.043904,0.000000
0.043232,1.566208,0.047680,0.042464,0.000000
0.043648,1.579552,0.048256,0.044384,0.000000
0.041984,1.586560,0.048544,0.045888,0.000000
0.039488,1.587392,0.047584,0.045184,0.000000
0.040736,1.590112,0.048352,0.045376,0.000000
0.041312,1.591072,0.047104,0.042336,0.000000
0.042624,1.591392,0.048704,0.043936,0.000000
0.040704,1.593088,0.048608,0.046496,0.000000
0.048032,1.594304,0.048800,0.046016,0.000000
0.046336,1.602464,0.048832,0.044160,0.000000
0.047456,1.597696,0.049376,0.044288,0.000000
0.044480,1.616992,0.048000,0.043840,0.000000
0.046400,1.605728,0.049280,0.046400,0.000000
0.045120,1.611424,0.050240,0.044032,0.000000
0.044320,1.622912,0.049472,0.044736,0.000000
0.044640,1.615552,0.048256,0.043904,0.000000
0.045184,1.618944,0.049664,0.046592,0.000000
0.046720,1.637408,0.047808,0.043968,0.000000
0.047328,1.628896,0.049184,0.045376,0.000000
0.045376,1.637792,0.048512,0.044352,0.000000
0.044288,1.633408,0.049952,0.045248,0.000000
0.044352,1.635264,0.050336,0.044064,0.000000
0.042048,1.625856,0.049888,0.045440,0.000000
0.043744,1.674400,0.049344,0.045248,0.000000
0.042656,1.662976,0.048224,0.044512,0.000000
0.042176,1.654368,0.049856,0.044736,0.000000
0.043136,1.652896,0.049408,0.046688,0.000000
0.044160,1.658080,0.051424,0.045600,0.000000
0.042880,1.667648,0.049920,0.047680,0.000000
0.042144,1.665664,0.049984,0.046528,0.000000
0.042624,1.667648,0.050560,0.046112,0.000000
0.049632,1.665888,0.049280,0.047520,0.000000
0.049920,1.675296,0.049184,0.045056,0.000000
0.049600,1.677056,0.049152,0.044480,0.000000
0.047136,1.674880,0.052064,0.044416,0.000000
0.050912,1.689280,0.050112,0.047680,0.000000
0.048128,1.679936,0.050720,0.045536,0.000000
0.047456,1.698432,0.052480,0.046336,0.000000
0.047712,1.686048,0.052160,0.045696,0.000000
0.046016,1.689632,0.050752,0.047488,0.000000
0.045760,1.701792,0.051136,0.046976,0.000000
0.045504,1.694944,0.051520,0.048192,0.000000
0.044960,1.711840,0.051168,0.046624,0.000000
0.046592,1.701504,0.050784,0.045568,0.000000
0.047360,1.707168,0.049440,0.045344,0.000000
0.045760,1.713760,0.052352,0.046336,0.000000
0.044736,1.715040,0.050272,0.046464,0.000000
0.046080,1.726784,0.049984,0.044768,0.000000
0.043744,1.750112,0.051072,0.047200,0.000000
0.043936,1.719456,0.052192,0.045568,0.000000
0.045024,1.732672,0.051008,0.046368,0.000000
0.043520,1.728640,0.053664,0.047488,0.000000
0.044384,1.735936,0.052640,0.047136,0.000000
0.044352,1.734240,0.051616,0.047232,0.000000
0.044256,1.746560,0.054592,0.045536,0.000000
0.047200,1.745312,0.052480,0.046816,0.000000
0.045024,1.752416,0.052224,0.049504,0.000000
0.044448,1.750944,0.052896,0.047232,0.000000
0.044480,1.749376,0.054432,0.048928,0.000000
0.044704,1.753056,0.052544,0.048032,0.000000
0.045600,1.762944,0.054240,0.047904,0.000000
0.046208,1.783488,0.053920,0.050048,0.000000
0.044800,1.765888,0.053024,0.047008,0.000000
0.048672,1.765760,0.052288,0.046816,0.000000
0.048032,1.807840,0.053152,0.047040,0.000000
0.050976,1.772064,0.054336,0.047648,0.000000
0.051008,1.783936,0.053536,0.047680,0.000000
0.052800,1.774208,0.052384,0.047104,0.000000
0.049920,1.790080,0.053120,0.048096,0.000000
0.049568,1.782816,0.054272,0.046688,0.000000
0.050112,1.790048,0.052992,0.046432,0.000000
0.050400,1.799648,0.052064,0.046176,0.000000
0.049088,1.802432,0.052416,0.047744,0.000000
0.051968,1.791136,0.052448,0.046848,0.000000
0.052064,1.799904,0.052448,0.047072,0.000000
0.051808,1.800736,0.053536,0.049728,0.000000
0.049376,1.798880,0.053664,0.050368,0.000000
0.045248,1.818496,0.053152,0.048160,0.000000
0.049504,1.821600,0.053824,0.048640,0.000000
0.045344,1.832000,0.053120,0.048704,0.000000
0.045632,1.877600,0.053760,0.047744,0.000000
0.047232,1.827712,0.055744,0.049152,0.000000
0.053600,1.838816,0.053856,0.047776,0.000000
0.048480,1.839360,0.054464,0.048960,0.000000
0.052096,1.840000,0.055840,0.047584,0.000000
0.044960,1.831936,0.054080,0.047744,0.000000
0.047232,1.842976,0.053984,0.049120,0.000000
0.048608,1.836544,0.053888,0.049696,0.000000
0.048576,1.849792,0.054912,0.049664,0.000000
0.045792,1.845344,0.054432,0.050720,0.000000
0.046848,1.847776,0.055968,0.050336,0.000000
0.048768,1.852608,0.055072,0.050016,0.000000
0.050272,1.846752,0.055136,0.050464,0.000000
0.050560,1.867392,0.057088,0.051360,0.000000
0.050624,1.874304,0.053792,0.047296,0.000000
0.051104,1.873024,0.053760,0.049152,0.000000
0.048608,1.879232,0.053568,0.048416,0.000000
0.050752,1.864992,0.053536,0.050144,0.000000
0.051392,1.881600,0.056704,0.049984,0.000000
0.049696,1.867872,0.055520,0.050592,0.000000
0.046976,1.885696,0.054912,0.049536,0.000000
0.050464,1.882720,0.057056,0.050368,0.000000
0.051232,1.888224,0.057248,0.050400,0.000000
0.051744,1.888384,0.054208,0.048928,0.000000
0.047840,1.895968,0.054432,0.050720,0.000000
0.051168,1.899776,0.054816,0.050752,0.000000
0.047744,1.910592,0.054688,0.049216,0.000000
0.052832,1.915328,0.054784,0.050176,0.000000
0.047520,1.901408,0.055232,0.049344,0.000000
0.053664,1.910560,0.054624,0.049248,0.000000
0.054944,1.945984,0.056640,0.051072,0.000000
0.046432,1.921632,0.055392,0.051552,0.000000
0.046816,1.916768,0.056736,0.050848,0.000000
0.054080,1.928416,0.056096,0.050976,0.000000
0.056192,1.929312,0.057056,0.049088,0.000000
0.049984,1.931200,0.058176,0.050720,0.000000
0.047488,1.923456,0.058272,0.052224,0.000000
0.048960,1.929952,0.058624,0.053440,0.000000
0.050784,1.939584,0.055040,0.050880,0.000000
0.053184,1.927936,0.058432,0.050880,0.000000
0.049536,1.949280,0.055424,0.050208,0.000000
0.050112,1.937216,0.057600,0.050752,0.000000
0.048864,1.959232,0.058528,0.052256,0.000000
0.051392,1.952576,0.057376,0.053536,0.000000
0.050272,1.965792,0.057152,0.050944,0.000000
0.049856,1.953184,0.056352,0.050720,0.000000
0.050944,1.962784,0.057152,0.052032,0.000000
0.049376,1.954528,0.057280,0.051584,0.000000
0.051840,1.973504,0.057280,0.051744,0.000000
0.052928,1.972672,0.056192,0.051456,0.000000
0.051968,1.974080,0.059104,0.051808,0.000000
0.053472,2.003040,0.057152,0.051808,0.000000
0.055840,1.974752,0.059104,0.052544,0.000000
0.050304,1.985280,0.057120,0.052576,0.000000
0.054144,1.987648,0.055712,0.053760,0.000000
0.052160,1.997440,0.057184,0.052192,0.000000
0.052864,2.000608,0.058656,0.052576,0.000000
0.054784,1.998688,0.056896,0.051456,0.000000
0.056608,1.991040,0.057024,0.051904,0.000000
0.054016,2.002208,0.058112,0.052544,0.000000
0.055744,2.010688,0.057664,0.051648,0.000000
0.055456,1.999488,0.057408,0.051712,0.000000
0.052256,2.009376,0.059776,0.053664,0.000000
0.048416,2.016480,0.057536,0.054592,0.000000
0.049792,2.014944,0.059776,0.051680,0.000000
0.055328,2.017536,0.057856,0.054176,0.000000
0.050816,2.015744,0.058816,0.053216,0.000000
0.051680,2.024512,0.059264,0.053312,0.000000
0.052640,2.032896,0.057408,0.051360,0.000000
0.048864,2.028064,0.060800,0.055136,0.000000
0.051872,2.027168,0.058816,0.052800,0.000000
0.050144,2.026944,0.059520,0.052512,0.000000
0.050592,2.030688,0.057856,0.053344,0.000000
0.049408,2.034848,0.061024,0.054240,0.000000
0.050368,2.053984,0.060096,0.052992,0.000000
0.052768,2.062336,0.058016,0.053152,0.000000
0.051328,2.057152,0.062336,0.054336,0.000000
0.054080,2.061120,0.059456,0.053920,0.000000
0.053728,2.051680,0.058112,0.051456,0.000000
0.051072,2.065888,0.059680,0.055360,0.000000
0.053440,2.063872,0.059616,0.054528,0.000000
0.054112,2.064288,0.058912,0.054624,0.000000
0.051968,2.095488,0.062688,0.053248,0.000000
0.051424,2.076896,0.060320,0.053376,0.000000
0.054400,2.072704,0.058528,0.053440,0.000000
0.051520,2.073760,0.061728,0.055968,0.000000
0.056000,2.080224,0.059392,0.055104,0.000000
0.054240,2.081088,0.058720,0.054560,0.000000
0.050464,2.089984,0.060320,0.053824,0.000000
0.056608,2.098464,0.062080,0.053056,0.000000
0.056352,2.093312,0.060224,0.053728,0.000000
0.050784,2.098720,0.061120,0.053984,0.000000
0.056448,2.099520,0.060864,0.052448,0.000000
0.055168,2.098656,0.060352,0.054528,0.000000
0.056064,2.094400,0.060896,0.053888,0.000000
0.052192,2.103808,0.059840,0.053216,0.000000
0.053280,2.107840,0.062784,0.053920,0.000000
0.052608,2.111456,0.063008,0.055424,0.000000
0.054784,2.120832,0.059936,0.056192,0.000000
0.054336,2.125760,0.061504,0.056288,0.000000
0.053216,2.124640,0.060352,0.054624,0.000000
0.054944,2.138528,0.061280,0.055456,0.000000
0.053248,2.145568,0.060224,0.054688,0.000000
0.056832,2.146752,0.060256,0.056832,0.000000
0.055584,2.136864,0.063456,0.055072,0.000000
0.054784,2.144000,0.060864,0.054528,0.000000
0.052192,2.144928,0.061952,0.054112,0.000000
0.057536,2.150048,0.063168,0.055648,0.000000
0.056896,2.146272,0.060960,0.055328,0.000000
0.053184,2.152384,0.062048,0.058048,0.000000
0.054240,2.164800,0.060992,0.054944,0.000000
0.053600,2.151904,0.062592,0.057408,0.000000
0.058048,2.161952,0.062720,0.054080,0.000000
0.053344,2.169824,0.061664,0.056640,0.000000
0.057344,2.162080,0.064128,0.058848,0.000000
0.056384,2.168512,0.060928,0.056608,0.000000
0.055296,2.168672,0.063072,0.055488,0.000000
0.056896,2.182400,0.062976,0.054880,0.000000
0.054656,2.196352,0.064096,0.058496,0.000000
0.058592,2.183744,0.062688,0.056832,0.000000
0.057024,2.189184,0.062336,0.056736,0.000000
0.058912,2.183872,0.062752,0.055712,0.000000
0.056512,2.183840,0.061600,0.056864,0.000000
0.060288,2.189440,0.061760,0.055648,0.000000
0.060640,2.196736,0.063872,0.054048,0.000000
0.058592,2.199808,0.062528,0.058304,0.000000
0.057312,2.203264,0.064160,0.058336,0.000000
0.058176,2.208928,0.063488,0.058304,0.000000
0.057824,2.211360,0.063552,0.058272,0.000000
0.055904,2.214432,0.065312,0.058848,0.000000
0.056192,2.219904,0.063456,0.058496,0.000000
0.058336,2.261536,0.063392,0.057856,0.000000
0.058816,2.220544,0.063040,0.056736,0.000000
0.056064,2.227872,0.063456,0.057760,0.000000
0.054944,2.225856,0.063968,0.057600,0.000000
0.054912,2.234144,0.065216,0.057120,0.000000
0.053760,2.235872,0.064320,0.058112,0.000000
0.054976,2.237696,0.065472,0.057888,0.000000
0.056224,2.247488,0.064160,0.056480,0.000000
0.056512,2.245536,0.066272,0.057856,0.000000
0.057056,2.236640,0.065024,0.060352,0.000000
0.054848,2.255328,0.064704,0.060224,0.000000
0.055104,2.255488,0.064192,0.060416,0.000000
0.055904,2.251616,0.066144,0.056256,0.000000
0.054432,2.255680,0.065312,0.058144,0.000000
0.061760,2.257408,0.064864,0.056864,0.000000
0.054112,2.264960,0.066304,0.057152,0.000000
0.061088,2.274688,0.063776,0.057120,0.000000
0.059872,2.260288,0.064864,0.057792,0.000000
0.055200,2.265760,0.064160,0.060032,0.000000
0.061856,2.270752,0.065120,0.059136,0.000000
0.058400,2.283360,0.066592,0.059200,0.000000
0.059264,2.285824,0.066752,0.058016,0.000000
0.057920,2.285664,0.066528,0.057888,0.000000
0.060480,2.302464,0.064064,0.056448,0.000000
0.055776,2.295040,0.065824,0.058624,0.000000
0.057312,2.294912,0.065344,0.056544,0.000000
0.058304,2.293792,0.067936,0.058752,0.000000
0.056384,2.295936,0.066208,0.059616,0.000000
0.058080,2.303328,0.067712,0.058592,0.000000
0.055072,2.303680,0.066720,0.058752,0.000000
0.058464,2.306656,0.064736,0.058432,0.000000
0.056384,2.313536,0.068320,0.059328,0.000000
0.056768,2.306112,0.065696,0.059680,0.000000
0.056320,2.322880,0.068288,0.057536,0.000000
0.055264,2.322368,0.065472,0.059392,0.000000
0.056224,2.334240,0.065376,0.058368,0.000000
0.056320,2.331296,0.068896,0.060544,0.000000
0.062176,2.333984,0.068128,0.058496,0.000000
0.062624,2.331104,0.068576,0.058944,0.000000
0.061056,2.333184,0.068512,0.060224,0.000000
0.056640,2.338304,0.065056,0.057920,0.000000
0.062784,2.346816,0.066592,0.060320,0.000000
0.061344,2.351360,0.067904,0.061632,0.000000
0.061472,2.355456,0.067616,0.058912,0.000000
0.062624,2.355648,0.066432,0.059648,0.000000
0.060000,2.358112,0.067616,0.061888,0.000000
0.061344,2.366528,0.065664,0.059456,0.000000
0.057568,2.356192,0.068928,0.062400,0.000000
0.061632,2.366400,0.067616,0.061024,0.000000
0.059360,2.369440,0.066816,0.059392,0.000000
0.060480,2.377952,0.066624,0.060288,0.000000
0.059904,2.376064,0.066112,0.060352,0.000000
0.059616,2.374304,0.067232,0.058208,0.000000
0.058368,2.389664,0.067040,0.060000,0.000000
0.060384,2.383744,0.067744,0.060768,0.000000
0.059328,2.393248,0.069248,0.059168,0.000000
0.057696,2.392928,0.068384,0.059744,0.000000
0.059488,2.390240,0.069024,0.061024,0.000000
0.057408,2.404032,0.067424,0.059360,0.000000
0.057472,2.396992,0.068672,0.062560,0.000000
0.058400,2.394752,0.068064,0.062880,0.000000
0.059584,2.403296,0.068064,0.060064,0.000000
0.059104,2.411520,0.066688,0.059808,0.000000
0.056864,2.420544,0.070528,0.061152,0.000000
0.059424,2.412320,0.067968,0.061024,0.000000
0.058528,2.468128,0.070816,0.061024,0.000000
0.064032,2.414880,0.070496,0.060512,0.000000
0.064736,2.427808,0.069280,0.060992,0.000000
0.064320,2.421120,0.067456,0.060096,0.000000
0.065664,2.432000,0.068736,0.061248,0.000000
0.062176,2.433216,0.068672,0.060832,0.000000
0.062528,2.438112,0.068320,0.063264,0.000000
0.063552,2.437888,0.070048,0.060576,0.000000
0.064512,2.450400,0.070592,0.061984,0.000000
0.063008,2.441984,0.069952,0.061600,0.000000
0.064064,2.449024,0.067776,0.061152,0.000000
0.064768,2.456576,0.071136,0.063808,0.000000
0.060960,2.473568,0.071488,0.061856,0.000000
0.062752,2.453632,0.070880,0.064032,0.000000
0.060928,2.463936,0.070304,0.060800,0.000000
0.063552,2.464288,0.071360,0.062240,0.000000
0.059200,2.466304,0.070304,0.062720,0.000000
0.061024,2.465888,0.071872,0.063968,0.000000
0.060896,2.500352,0.068416,0.061888,0.000000
0.060544,2.484288,0.069632,0.061632,0.000000
0.059264,2.485440,0.071328,0.063040,0.000000
0.058272,2.491072,0.071616,0.062944,0.000000
0.066624,2.483776,0.072224,0.061760,0.000000
0.060640,2.496352,0.070400,0.061696,0.000000
0.068160,2.493024,0.070400,0.061728,0.000000
0.059328,2.490144,0.073376,0.062848,0.000000
0.065024,2.490496,0.072480,0.066240,0.000000
0.068448,2.499392,0.073024,0.063328,0.000000
0.065504,2.498304,0.070464,0.062688,0.000000
0.065152,2.509536,0.071520,0.063744,0.000000
0.064832,2.518240,0.071968,0.064608,0.000000
0.063584,2.516704,0.074112,0.066720,0.000000
0.061152,2.508640,0.071200,0.065344,0.000000
0.064768,2.503776,0.071456,0.063904,0.000000
0.064224,2.522784,0.069152,0.061792,0.000000
0.062976,2.526752,0.071232,0.063968,0.000000
0.065216,2.531104,0.072192,0.065632,0.000000
0.062656,2.572608,0.072672,0.063296,0.000000
0.064864,2.530688,0.072992,0.064320,0.000000
0.064768,2.548320,0.071232,0.063616,0.000000
0.062304,2.549248,0.071040,0.062656,0.000000
0.063264,2.554720,0.071552,0.062784,0.000000
0.063616,2.583296,0.073440,0.066144,0.000000
0.062944,2.580512,0.073920,0.064352,0.000000
0.063360,2.563072,0.072864,0.064672,0.000000
0.065696,2.554528,0.073600,0.063360,0.000000
0.067296,2.564576,0.069952,0.064448,0.000000
0.066816,2.567552,0.070336,0.063360,0.000000
0.067648,2.577408,0.072512,0.061760,0.000000
0.067360,2.587072,0.073760,0.063232,0.000000
0.068192,2.574048,0.076128,0.063328,0.000000
0.061504,2.573696,0.072800,0.065408,0.000000
0.065600,2.573760,0.075520,0.064800,0.000000
0.061536,2.583968,0.073920,0.066080,0.000000
0.067328,2.590624,0.073632,0.063296,0.000000
0.062336,2.593536,0.071200,0.063840,0.000000
0.067104,2.598176,0.073536,0.064000,0.000000
0.064448,2.600576,0.072064,0.063712,0.000000
0.062560,2.594336,0.073440,0.064160,0.000000
0.062144,2.604352,0.072544,0.064640,0.000000
0.067104,2.606592,0.076800,0.064384,0.000000
0.063648,2.606624,0.074752,0.064768,0.000000
0.061120,2.608832,0.073632,0.064800,0.000000
0.062688,2.618272,0.073376,0.066976,0.000000
0.062496,2.619744,0.074848,0.066528,0.000000
0.063776,2.608032,0.072928,0.065280,0.000000
0.063520,2.612416,0.075328,0.065184,0.000000
0.063648,2.657056,0.071712,0.065408,0.000000
0.063008,2.624768,0.073600,0.067968,0.000000
0.066976,2.631072,0.071744,0.064864,0.000000
0.066112,2.639168,0.072736,0.065024,0.000000
0.063712,2.635968,0.072736,0.064288,0.000000
0.062720,2.640992,0.074272,0.064992,0.000000
0.065248,2.647584,0.076384,0.064480,0.000000
0.064064,2.641376,0.075296,0.064928,0.000000
0.067328,2.649664,0.074880,0.065056,0.000000
0.064192,2.655392,0.073920,0.065760,0.000000
0.068704,2.647648,0.075168,0.064992,0.000000
0.066464,2.660512,0.075200,0.065760,0.000000
0.068672,2.656544,0.076704,0.065888,0.000000
0.067968,2.657024,0.074848,0.064704,0.000000
0.068576,2.665504,0.074688,0.065792,0.000000
0.062336,2.677952,0.076160,0.067520,0.000000
0.067968,2.673408,0.078912,0.067072,0.000000
0.067264,2.676096,0.075200,0.067072,0.000000
0.062016,2.679936,0.076512,0.065760,0.000000
0.067136,2.682592,0.077184,0.066560,0.000000
0.062624,2.686112,0.075904,0.067552,0.000000
0.062816,2.695968,0.074688,0.065824,0.000000
0.062944,2.688416,0.075008,0.066528,0.000000
0.063200,2.697024,0.075488,0.068864,0.000000
0.065600,2.693344,0.079168,0.067296,0.000000
0.065792,2.704256,0.078080,0.068512,0.000000
0.000000,0.000000,0.000000,0.000000,0.000000
0.030688,0.016992,0.016864,0.015232,0.015200
0.020384,0.015232,0.012960,0.012416,0.014272
0.018784,0.014368,0.013536,0.013472,0.014208
0.015936,0.015808,0.013248,0.012896,0.015328
0.017632,0.017952,0.013664,0.013184,0.016352
0.017504,0.015424,0.013984,0.016064,0.014592
0.013440,0.016352,0.016128,0.013856,0.017888
0.015456,0.018752,0.016448,0.016416,0.016512
0.012192,0.016256,0.016192,0.014336,0.016992
0.013920,0.019040,0.016416,0.014464,0.017088
0.014464,0.019776,0.016864,0.014912,0.018944
0.011104,0.017952,0.016448,0.014592,0.016640
0.011840,0.017984,0.016768,0.013440,0.017568
0.012000,0.019840,0.014176,0.013248,0.017344
0.011200,0.018176,0.016704,0.015072,0.018688
0.009312,0.018880,0.016576,0.016768,0.020800
0.007136,0.021856,0.014720,0.014944,0.022080
0.013920,0.019904,0.015680,0.017184,0.020320
0.017056,0.020032,0.017664,0.017344,0.019232
0.015744,0.020416,0.015008,0.014784,0.020480
0.013472,0.020288,0.014624,0.014752,0.020480
0.015360,0.021120,0.015136,0.015808,0.023488
0.012864,0.022976,0.015296,0.015552,0.022720
0.014432,0.021184,0.016928,0.016480,0.021536
0.014912,0.023776,0.014880,0.016128,0.022016
0.012768,0.023072,0.014688,0.015008,0.022272
0.014176,0.023200,0.014656,0.015040,0.023168
0.012576,0.026112,0.015776,0.016416,0.024032
0.012960,0.023456,0.015424,0.016544,0.025504
0.013056,0.024800,0.015424,0.015200,0.024096
0.011840,0.024256,0.015776,0.015616,0.023840
0.011552,0.027232,0.017632,0.015488,0.024800
0.010688,0.027008,0.016672,0.017024,0.025728
0.010624,0.025920,0.016576,0.015968,0.025440
0.012512,0.025504,0.016736,0.016288,0.027520
0.011424,0.026240,0.017792,0.016320,0.025824
0.013600,0.027232,0.016736,0.017696,0.026464
0.012512,0.028800,0.018336,0.017952,0.028288
0.012032,0.027552,0.016192,0.018368,0.026688
0.011424,0.027776,0.016832,0.016256,0.027648
0.012416,0.028352,0.016800,0.017984,0.027936
0.012256,0.030816,0.016800,0.016704,0.027872
0.012000,0.028864,0.016640,0.018304,0.029760
0.011232,0.029312,0.017472,0.016416,0.028352
0.012288,0.030048,0.017120,0.016704,0.031232
0.012512,0.030624,0.017920,0.016960,0.029984
0.012352,0.031296,0.017184,0.016832,0.029888
0.016032,0.032352,0.018080,0.018976,0.030176
0.015424,0.032896,0.018272,0.019776,0.032832
0.014592,0.032000,0.017824,0.019456,0.032608
0.015904,0.032320,0.018432,0.018176,0.032448
0.018112,0.033632,0.018720,0.017952,0.033504
0.014336,0.034112,0.018752,0.019072,0.032640
0.014304,0.033248,0.018496,0.017984,0.032576
0.013568,0.033664,0.019680,0.018336,0.032864
0.013632,0.033536,0.020480,0.018112,0.033184
0.013056,0.034400,0.018144,0.019104,0.033600
0.012992,0.035712,0.020000,0.017792,0.035680
0.013408,0.036512,0.019904,0.019552,0.034400
0.012224,0.035488,0.018624,0.019136,0.034880
0.013504,0.037568,0.018752,0.017792,0.035104
0.013280,0.036960,0.018880,0.017664,0.035264
0.013728,0.036352,0.019552,0.019680,0.036672
0.015040,0.037152,0.020256,0.019552,0.035872
0.012544,0.037824,0.019680,0.018752,0.037344
0.015360,0.037984,0.021792,0.018592,0.036736
0.014464,0.037600,0.020192,0.020960,0.036736
0.013024,0.038464,0.020480,0.019456,0.038080
0.013888,0.038528,0.019520,0.020064,0.040000
0.013792,0.039648,0.019936,0.019072,0.038048
0.016224,0.039360,0.019488,0.020096,0.037152
0.016352,0.041312,0.019808,0.020768,0.040480
0.021728,0.041408,0.019648,0.019488,0.039552
0.024128,0.040768,0.021632,0.019712,0.040128
0.023328,0.040832,0.019808,0.020352,0.040992
0.021536,0.040736,0.020000,0.021056,0.041888
0.019776,0.041472,0.020128,0.019552,0.040896
0.020288,0.042528,0.020480,0.019456,0.042624
0.023200,0.042624,0.020256,0.021792,0.041376
0.021056,0.042432,0.023136,0.021376,0.041600
0.022720,0.044352,0.020608,0.020288,0.041952
0.019936,0.044352,0.022368,0.021600,0.042272
0.021952,0.042656,0.020352,0.021792,0.043008
0.018336,0.043808,0.021504,0.019392,0.043008
0.021632,0.046336,0.022144,0.022016,0.043712
0.021472,0.044768,0.020864,0.020128,0.044096
0.017984,0.045248,0.023680,0.020800,0.046048
0.019776,0.048192,0.021184,0.020160,0.045088
0.020960,0.046240,0.020576,0.021664,0.045280
0.016864,0.048064,0.023776,0.019872,0.045216
0.018048,0.048096,0.021376,0.020320,0.045376
0.016544,0.046624,0.021536,0.021664,0.045792
0.016320,0.047456,0.021216,0.019840,0.045152
0.016928,0.050048,0.021952,0.020800,0.046656
0.018752,0.049760,0.022144,0.023040,0.047168
0.018176,0.048256,0.023808,0.021152,0.047232
0.017024,0.049248,0.022240,0.021568,0.049600
0.017344,0.049344,0.023808,0.020960,0.049632
0.016224,0.049856,0.022400,0.022592,0.049792
0.017536,0.049888,0.021568,0.022784,0.048608
0.016288,0.050368,0.022176,0.021984,0.049920
0.023680,0.051168,0.022752,0.021088,0.051232
0.017408,0.050400,0.021280,0.023392,0.051264
0.025376,0.051168,0.024288,0.021888,0.052000
0.022816,0.051424,0.024064,0.022848,0.052544
0.017312,0.052576,0.025248,0.021856,0.051360
0.022752,0.052256,0.025056,0.023744,0.053248
0.021248,0.054272,0.023328,0.021888,0.052960
0.020992,0.053408,0.022816,0.021952,0.052640
0.022048,0.055296,0.022752,0.021984,0.054048
0.019712,0.053408,0.023488,0.022848,0.054080
0.020960,0.053760,0.022944,0.021952,0.054304
0.020928,0.055744,0.022624,0.021824,0.053888
0.021504,0.055808,0.023136,0.022400,0.053312
0.018944,0.056384,0.024416,0.024672,0.053888
0.021184,0.055808,0.023168,0.024096,0.054528
0.019744,0.055520,0.023520,0.022688,0.054912
0.020576,0.058464,0.023072,0.024064,0.055136
0.019296,0.056064,0.022912,0.022496,0.057216
0.017920,0.056928,0.023488,0.023392,0.055360
0.018912,0.058624,0.024736,0.022752,0.055808
0.017696,0.059072,0.024960,0.022080,0.056416
0.017856,0.058016,0.023520,0.022464,0.057152
0.019776,0.059744,0.025664,0.022880,0.058720
0.018976,0.058784,0.024000,0.022272,0.059360
0.017664,0.059648,0.024224,0.023104,0.058912
0.018784,0.060512,0.025824,0.025056,0.058304
0.026944,0.060032,0.023968,0.022048,0.057568
0.023808,0.060192,0.024192,0.023648,0.059104
0.024704,0.059584,0.023936,0.023712,0.058976
0.026144,0.061376,0.025312,0.022496,0.060544
0.020000,0.059712,0.023744,0.023904,0.060256
0.020896,0.059552,0.022976,0.022400,0.061600
0.020864,0.060064,0.024096,0.025024,0.062048
0.018560,0.060128,0.023712,0.022880,0.060192
0.019168,0.060256,0.023744,0.022624,0.058880
0.019712,0.062784,0.023296,0.022496,0.060672
0.017856,0.061152,0.023296,0.021856,0.059776
0.019360,0.063584,0.025440,0.023008,0.061184
0.019456,0.061184,0.022976,0.022432,0.059936
0.019136,0.061280,0.022368,0.022432,0.060544
0.025376,0.063520,0.024288,0.024384,0.062272
0.026368,0.062848,0.024192,0.024192,0.064224
0.023968,0.062656,0.022528,0.021536,0.062656
0.025856,0.063904,0.024160,0.021600,0.063264
0.021664,0.064480,0.024128,0.023200,0.063872
0.023104,0.064960,0.023488,0.021728,0.062944
0.020320,0.066176,0.024672,0.023168,0.063200
0.022880,0.065536,0.024192,0.023360,0.064320
0.023296,0.065088,0.023392,0.022336,0.063904
0.022624,0.066208,0.024640,0.023232,0.065248
0.021920,0.066240,0.023904,0.025376,0.065952
0.021984,0.066848,0.023168,0.022496,0.064672
0.022016,0.066496,0.024160,0.023296,0.065856
0.021568,0.067776,0.026656,0.023168,0.066624
0.020448,0.067424,0.024032,0.022496,0.066144
0.021024,0.067904,0.025728,0.023904,0.067264
0.021024,0.068512,0.026944,0.023904,0.067584
0.019584,0.068384,0.025856,0.024096,0.066784
0.021408,0.069312,0.025920,0.023328,0.068256
0.020576,0.069728,0.025504,0.023808,0.067744
0.021760,0.070336,0.025568,0.024704,0.069024
0.019936,0.069376,0.024960,0.023392,0.069664
0.027520,0.070272,0.026208,0.024704,0.071328
0.023232,0.070624,0.025408,0.024832,0.072128
0.026400,0.072064,0.025792,0.024768,0.070272
0.033984,0.072128,0.025024,0.023232,0.070912
0.027744,0.071616,0.027616,0.024928,0.072736
0.025088,0.071776,0.027808,0.025504,0.073088
0.025024,0.071744,0.024960,0.023072,0.071136
0.025024,0.074336,0.027520,0.024800,0.072256
0.024736,0.073312,0.027456,0.026880,0.072160
0.032992,0.075616,0.027520,0.026880,0.072960
0.023712,0.074592,0.024736,0.024000,0.073600
0.024640,0.073856,0.024672,0.023968,0.075136
0.023424,0.074944,0.026464,0.026880,0.073920
0.023136,0.074880,0.026368,0.025248,0.074944
0.021184,0.077216,0.026496,0.024864,0.074592
0.020640,0.074176,0.024672,0.023200,0.074560
0.022208,0.077632,0.026432,0.024192,0.075776
0.022368,0.076736,0.026144,0.027200,0.077344
0.021984,0.076640,0.026144,0.025952,0.076320
0.022880,0.077248,0.026656,0.025120,0.077248
0.023072,0.077568,0.025664,0.026880,0.076288
0.024160,0.076672,0.025696,0.024736,0.076192
0.023136,0.079776,0.029248,0.026432,0.077600
0.023104,0.080224,0.029120,0.026688,0.077760
0.029536,0.078880,0.027680,0.026496,0.078560
0.030208,0.080608,0.029120,0.025664,0.078528
0.023136,0.078144,0.027104,0.027744,0.077536
0.022752,0.078880,0.026400,0.027328,0.078560
0.028800,0.080288,0.029536,0.025600,0.081344
0.026528,0.080224,0.027840,0.026368,0.081280
0.030272,0.081184,0.027328,0.026368,0.079840
0.027296,0.079808,0.027904,0.027488,0.080960
0.026752,0.081088,0.029248,0.026848,0.080832
0.025952,0.080480,0.027968,0.026752,0.079776
0.026976,0.082592,0.027840,0.028928,0.081856
0.025920,0.081632,0.027776,0.025472,0.080896
0.028832,0.084640,0.028128,0.025664,0.085728
0.026016,0.084736,0.027744,0.027264,0.082432
0.027040,0.083232,0.030144,0.026400,0.082720
0.025216,0.084096,0.030080,0.028480,0.083168
0.024032,0.084192,0.027968,0.026656,0.083904
0.023552,0.086400,0.028704,0.026400,0.085728
0.023328,0.083744,0.030112,0.027456,0.086272
0.023104,0.084832,0.027072,0.028512,0.083168
0.022624,0.084224,0.027072,0.025920,0.083552
0.023904,0.085248,0.027040,0.025536,0.084576
0.024416,0.086144,0.027264,0.025664,0.087392
0.024032,0.086464,0.028608,0.028288,0.086272
0.025760,0.088736,0.027424,0.028512,0.086240
0.024352,0.087136,0.028960,0.026432,0.088384
0.023872,0.087456,0.028576,0.027296,0.087328
0.032224,0.087872,0.028672,0.027488,0.085984
0.029696,0.090240,0.028736,0.027264,0.087712
0.029856,0.088704,0.029472,0.029408,0.089952
0.032512,0.090688,0.029408,0.028256,0.087104
0.029792,0.089952,0.031328,0.028032,0.089280
0.030080,0.089856,0.029408,0.027872,0.090848
0.027776,0.089888,0.029472,0.030144,0.091296
0.027808,0.089760,0.029504,0.028288,0.091712
0.029152,0.090496,0.029248,0.030048,0.090304
0.027424,0.090336,0.031808,0.027904,0.089088
0.026176,0.090528,0.028576,0.030368,0.091520
0.028736,0.091392,0.029024,0.030080,0.090944
0.025536,0.093088,0.028992,0.028704,0.091616
0.025248,0.093056,0.028928,0.028320,0.091328
0.025376,0.092000,0.028864,0.027360,0.091296
0.025888,0.091680,0.028704,0.027968,0.091872
0.028192,0.092768,0.028640,0.028160,0.091680
0.025408,0.094048,0.032320,0.027200,0.092096
0.024480,0.092864,0.029440,0.026944,0.092736
0.025600,0.093984,0.029632,0.027968,0.093856
0.025152,0.094112,0.029472,0.027840,0.094528
0.025120,0.094656,0.029440,0.027328,0.093216
0.025344,0.095552,0.029184,0.028384,0.094112
0.025056,0.094592,0.029792,0.030048,0.094048
0.024992,0.096256,0.031008,0.028832,0.095040
0.024160,0.095936,0.032288,0.031104,0.096160
0.024960,0.098752,0.031104,0.028896,0.097216
0.032800,0.097216,0.032800,0.030944,0.098208
0.029696,0.097472,0.031136,0.028672,0.096832
0.030656,0.098464,0.031424,0.029568,0.097312
0.029568,0.099936,0.032352,0.030048,0.097760
0.028832,0.098784,0.031104,0.028736,0.098304
0.028992,0.098144,0.031616,0.031136,0.099968
0.028864,0.099264,0.031840,0.029600,0.100576
0.029696,0.099392,0.031904,0.029568,0.100864
0.030720,0.101792,0.033856,0.029664,0.100256
0.031136,0.100736,0.031264,0.029600,0.100096
0.027328,0.101120,0.031296,0.029568,0.100320
0.028480,0.101184,0.031264,0.029472,0.100192
0.027168,0.100864,0.031904,0.028672,0.101408
0.026752,0.100480,0.032736,0.031776,0.099840
0.026336,0.101280,0.034144,0.031392,0.101088
0.026688,0.101504,0.032672,0.031936,0.102144
0.027136,0.103776,0.033792,0.032544,0.102592
0.027776,0.103776,0.033760,0.032544,0.104576
0.028384,0.103744,0.032928,0.030944,0.104736
0.027328,0.105472,0.032672,0.030272,0.103520
0.033472,0.105984,0.032320,0.030304,0.103680
0.028224,0.106240,0.031360,0.029504,0.105568
0.027744,0.103616,0.033312,0.030336,0.102976
0.026496,0.104064,0.032512,0.030432,0.103456
0.028160,0.104416,0.032768,0.030368,0.104960
0.028256,0.106112,0.032736,0.032416,0.106816
0.028256,0.106720,0.032672,0.030496,0.106016
0.027680,0.107520,0.032832,0.032704,0.106432
0.029920,0.108704,0.032768,0.031136,0.108128
0.029376,0.107328,0.032544,0.029600,0.106400
0.027936,0.106944,0.032064,0.029664,0.107328
0.031648,0.107200,0.033440,0.032544,0.106688
0.029120,0.109952,0.034784,0.030528,0.108000
0.033440,0.110368,0.033248,0.030272,0.110016
0.031616,0.109280,0.034720,0.032384,0.108288
0.031872,0.110976,0.033376,0.030400,0.108576
0.032064,0.109056,0.032544,0.029344,0.107680
0.033472,0.109280,0.035552,0.033280,0.108960
0.035264,0.108960,0.034016,0.031712,0.110048
0.033984,0.112768,0.034272,0.031904,0.112288
0.035392,0.110720,0.034336,0.030400,0.110976
0.033280,0.111200,0.034048,0.031392,0.109824
0.036384,0.110848,0.033760,0.030432,0.110496
0.033760,0.111072,0.036352,0.031328,0.110816
0.035680,0.111328,0.034304,0.031552,0.113920
0.033248,0.113440,0.036160,0.031904,0.112256
0.030048,0.113472,0.036128,0.032256,0.112768
0.034432,0.112896,0.033760,0.030848,0.112416
0.029376,0.112896,0.036256,0.032224,0.112448
0.034976,0.114656,0.036224,0.032544,0.115488
0.029184,0.115872,0.034432,0.032704,0.114432
0.029152,0.115008,0.035232,0.032864,0.114912
0.031872,0.115008,0.035392,0.031872,0.113536
0.030400,0.114848,0.035104,0.032128,0.115072
0.037184,0.115936,0.036416,0.033728,0.116864
0.029216,0.118304,0.036992,0.032544,0.115584
0.031712,0.116800,0.033696,0.031840,0.114656
0.029344,0.117728,0.035200,0.032640,0.114880
0.031616,0.118912,0.036832,0.032416,0.116672
0.034624,0.119744,0.037216,0.034688,0.117088
0.030496,0.118240,0.034080,0.031232,0.117792
0.034336,0.118912,0.034112,0.032576,0.116576
0.034784,0.119168,0.035232,0.034720,0.118464
0.031680,0.119104,0.035232,0.033920,0.118240
0.031296,0.119680,0.037152,0.031840,0.118688
0.033248,0.118816,0.035232,0.033600,0.117920
0.034048,0.120064,0.037184,0.034752,0.119616
0.034528,0.122912,0.035712,0.033504,0.119936
0.034912,0.120928,0.035968,0.032544,0.120992
0.031328,0.120704,0.035264,0.032960,0.119360
0.036128,0.121728,0.036736,0.033472,0.120736
0.036448,0.121536,0.036864,0.035616,0.121024
0.036672,0.121888,0.034944,0.035936,0.120192
0.030816,0.121952,0.036320,0.035424,0.121696
0.036608,0.122912,0.036928,0.033632,0.122016
0.038880,0.123648,0.036448,0.032992,0.122336
0.034112,0.122688,0.034816,0.034176,0.121344
0.037280,0.124448,0.036544,0.035648,0.123584
0.036256,0.124352,0.038432,0.035584,0.125376
0.036736,0.126304,0.035840,0.035648,0.123840
0.035872,0.124064,0.038656,0.036320,0.124480
0.037920,0.127488,0.038208,0.033696,0.123584
0.031936,0.125792,0.036672,0.034272,0.125216
0.036192,0.125504,0.037216,0.035712,0.124160
0.032032,0.126688,0.037344,0.034176,0.127712
0.031776,0.126560,0.037152,0.033792,0.125952
0.032352,0.126208,0.036576,0.037024,0.126400
0.030560,0.126656,0.037280,0.035520,0.126848
0.033632,0.129344,0.038208,0.036736,0.127264
0.030944,0.128896,0.037696,0.034720,0.126240
0.036288,0.129824,0.037184,0.035264,0.127680
0.034272,0.129248,0.037376,0.036480,0.128032
0.031776,0.128032,0.036544,0.036416,0.127136
0.033952,0.131488,0.037568,0.035104,0.129056
0.038880,0.129536,0.037504,0.035136,0.130848
0.035072,0.129408,0.036864,0.034720,0.128032
0.037312,0.130432,0.040000,0.033376,0.131904
0.036000,0.130912,0.040000,0.034208,0.130560
0.033824,0.130752,0.038144,0.035744,0.129568
0.036480,0.131392,0.039552,0.036992,0.132416
0.035936,0.131712,0.037344,0.034656,0.130624
0.035072,0.134080,0.040384,0.036032,0.131520
0.036608,0.132672,0.038848,0.035552,0.131968
0.037600,0.131904,0.038304,0.035712,0.133440
0.038976,0.134752,0.038752,0.037632,0.132864
0.036320,0.134368,0.040960,0.037568,0.134528
0.037824,0.132960,0.038304,0.036160,0.133856
0.038528,0.134336,0.039488,0.035072,0.135744
0.037888,0.145760,0.039008,0.034816,0.133984
0.035264,0.135040,0.039008,0.037248,0.134048
0.038848,0.135104,0.039584,0.036480,0.134912
0.036128,0.135104,0.038080,0.036320,0.134176
0.037536,0.135872,0.039040,0.036224,0.135744
0.037696,0.136288,0.038080,0.034976,0.135680
0.038112,0.138016,0.041120,0.036352,0.136288
0.038688,0.138752,0.041312,0.037472,0.136640
0.040096,0.136352,0.039776,0.038144,0.136928
0.040288,0.137920,0.039328,0.039136,0.137216
0.034176,0.138368,0.038752,0.035520,0.137152
0.033216,0.138656,0.040064,0.036512,0.137888
0.035232,0.140608,0.041760,0.037856,0.138688
0.037056,0.138752,0.039584,0.034944,0.137184
0.035200,0.138752,0.039744,0.037280,0.140640
0.033440,0.139104,0.038912,0.039168,0.137888
0.033888,0.140224,0.040032,0.036416,0.140384
0.035168,0.140512,0.039968,0.036832,0.140352
0.032992,0.142880,0.040416,0.036544,0.141024
0.033472,0.143104,0.040608,0.035584,0.140800
0.032800,0.141536,0.040480,0.037184,0.141984
0.038304,0.143968,0.041824,0.038080,0.141344
0.037728,0.142208,0.042464,0.037664,0.140992
0.035104,0.142944,0.041472,0.039232,0.142496
0.032928,0.141856,0.043232,0.039840,0.141376
0.039296,0.145344,0.042688,0.037664,0.142496
0.035648,0.142496,0.041696,0.036352,0.142080
0.037088,0.144224,0.042880,0.037472,0.144992
0.040256,0.144544,0.040512,0.036416,0.142432
0.040000,0.146304,0.041184,0.038656,0.144160
0.038816,0.146624,0.040128,0.037408,0.146208
0.040256,0.147584,0.041216,0.039616,0.145184
0.037792,0.145760,0.041344,0.036896,0.145632
0.040704,0.146016,0.041280,0.038976,0.147552
0.041312,0.146976,0.042048,0.036896,0.145760
0.040352,0.147744,0.041408,0.037728,0.147744
0.037312,0.148160,0.040672,0.037536,0.147392
0.042624,0.148576,0.041888,0.038016,0.148160
0.039232,0.149440,0.041280,0.038304,0.145984
0.041120,0.148384,0.042208,0.039904,0.147392
0.036064,0.150176,0.041952,0.036576,0.146880
0.036960,0.150912,0.042400,0.038816,0.150144
0.037824,0.148352,0.042336,0.038080,0.149216
0.037280,0.149408,0.042336,0.039552,0.150880
0.035232,0.148448,0.041312,0.038176,0.150592
0.036448,0.150368,0.042048,0.037504,0.149984
0.037312,0.150656,0.042496,0.038272,0.149376
0.037728,0.152672,0.042176,0.040128,0.150528
0.035872,0.150208,0.042432,0.038848,0.151136
0.037984,0.151552,0.043520,0.038336,0.150944
0.037472,0.153728,0.042528,0.040224,0.151584
0.041056,0.154016,0.042496,0.038016,0.151744
0.041056,0.154368,0.045344,0.038816,0.152384
0.040832,0.152128,0.042112,0.041728,0.151840
0.039072,0.155008,0.043104,0.040608,0.152832
0.041504,0.152416,0.045024,0.041024,0.152416
0.038080,0.154080,0.043616,0.039680,0.153600
0.037280,0.153792,0.043872,0.039904,0.152864
0.037312,0.154752,0.043168,0.039488,0.155808
0.042208,0.155104,0.044320,0.041888,0.154528
0.039040,0.155456,0.043008,0.038816,0.153792
0.039776,0.156160,0.043584,0.039680,0.155776
0.037984,0.155200,0.043808,0.041728,0.154656
0.038560,0.158304,0.043968,0.041152,0.156480
0.039232,0.158560,0.043552,0.039872,0.156384
0.041536,0.159264,0.042720,0.039968,0.155296
0.037120,0.157824,0.043712,0.040608,0.158656
0.038272,0.157024,0.043872,0.041728,0.156192
0.040128,0.158496,0.044640,0.039936,0.157952
0.037696,0.159040,0.044288,0.040640,0.158240
0.040832,0.159040,0.042944,0.038720,0.157952
0.039232,0.159296,0.044384,0.042848,0.158816
0.036736,0.158784,0.045952,0.041472,0.157760
0.037984,0.160288,0.044448,0.039872,0.159520
0.037888,0.161824,0.044320,0.041376,0.160640
0.039200,0.160512,0.042880,0.043040,0.159328
0.038112,0.161056,0.044960,0.042656,0.160928
0.036288,0.162048,0.044448,0.041248,0.162816
0.037792,0.164128,0.043744,0.041184,0.160320
0.036544,0.164000,0.044704,0.040576,0.161344
0.036768,0.161440,0.044576,0.041344,0.162304
0.043232,0.163168,0.043648,0.040864,0.161408
0.043296,0.163232,0.047392,0.041248,0.162848
0.044096,0.162112,0.045408,0.042400,0.163488
0.046368,0.164512,0.044416,0.040896,0.164928
0.046176,0.164896,0.047360,0.042464,0.164064
0.041056,0.163392,0.047264,0.040448,0.162720
0.042560,0.164736,0.044736,0.040832,0.164448
0.041984,0.164960,0.045824,0.043968,0.166592
0.045568,0.165568,0.045888,0.042912,0.165024
0.041088,0.166528,0.044416,0.042144,0.165408
0.041408,0.168000,0.047488,0.042080,0.165792
0.040384,0.165632,0.046336,0.042304,0.166400
0.042016,0.169312,0.045216,0.041216,0.166688
0.040768,0.167584,0.046112,0.043680,0.168480
0.038112,0.167904,0.045920,0.043936,0.168640
0.040704,0.167360,0.044992,0.041248,0.167008
0.039360,0.169024,0.048320,0.043168,0.169344
0.041120,0.168832,0.047520,0.042048,0.167936
0.038880,0.168672,0.047136,0.042080,0.167840
0.039296,0.169504,0.045312,0.042240,0.170816
0.039808,0.171200,0.045984,0.042976,0.169088
0.038048,0.169184,0.048288,0.042176,0.169344
0.045408,0.170208,0.045856,0.043136,0.169024
0.045888,0.171200,0.046848,0.042240,0.171008
0.045568,0.171520,0.048160,0.043040,0.170400
0.039296,0.170560,0.046816,0.044864,0.172608
0.043968,0.173728,0.047104,0.041344,0.170400
0.044032,0.173632,0.048256,0.044160,0.170752
0.045856,0.172128,0.046848,0.041984,0.172352
0.043264,0.171776,0.048448,0.043040,0.170816
0.043744,0.173312,0.046528,0.043936,0.172448
0.043936,0.175008,0.048768,0.042816,0.174432
0.042816,0.174240,0.048288,0.042976,0.173344
0.041472,0.174272,0.049408,0.045024,0.173824
0.041472,0.174656,0.048448,0.043424,0.173088
0.044544,0.174880,0.047968,0.042048,0.173440
0.042624,0.175648,0.050304,0.042496,0.174560
0.040960,0.175136,0.048672,0.045440,0.173984
0.041568,0.175008,0.048416,0.046432,0.174368
0.043712,0.176096,0.046688,0.043104,0.176032
0.042624,0.178368,0.050496,0.044320,0.176160
0.041312,0.177376,0.049632,0.045216,0.176320
0.040096,0.176576,0.048416,0.043552,0.176864
0.040960,0.176928,0.048384,0.042624,0.176352
0.041600,0.179392,0.048320,0.043616,0.179040
0.041536,0.177248,0.048672,0.043840,0.179456
0.043232,0.179968,0.050432,0.044544,0.178400
0.046144,0.177952,0.048320,0.044352,0.180384
0.048544,0.178240,0.047584,0.043840,0.177984
0.046688,0.178656,0.047328,0.042496,0.179168
0.044480,0.180224,0.049344,0.044640,0.179936
0.046944,0.182528,0.047584,0.043648,0.181504
0.045536,0.180896,0.049440,0.043552,0.179904
0.044480,0.180096,0.050560,0.043104,0.179648
0.045696,0.180320,0.048480,0.043552,0.179488
0.045792,0.182592,0.047520,0.044416,0.179648
0.042976,0.183712,0.049568,0.045600,0.183200
0.045824,0.184000,0.049152,0.046400,0.182272
0.043520,0.182720,0.051392,0.046592,0.184064
0.042304,0.182336,0.050304,0.043680,0.184288
0.042720,0.182752,0.048992,0.047296,0.182016
0.043232,0.183776,0.048480,0.044544,0.182944
0.044416,0.187104,0.050016,0.044576,0.185280
0.043328,0.184480,0.050784,0.045184,0.184864
0.042784,0.184992,0.051968,0.047424,0.184800
0.044544,0.186976,0.049888,0.046048,0.186592
0.041536,0.187488,0.049920,0.045152,0.185344
0.042464,0.185952,0.050304,0.045952,0.184768
0.050336,0.185920,0.049120,0.045120,0.184704
0.041728,0.188160,0.049472,0.043840,0.186464
0.043104,0.189024,0.049344,0.044384,0.188192
0.050592,0.188928,0.052352,0.045216,0.187296
0.042592,0.189344,0.050624,0.045568,0.187104
0.042496,0.188544,0.050816,0.045984,0.189056
0.049024,0.188512,0.052032,0.047040,0.189376
0.047168,0.188480,0.050880,0.046336,0.188672
0.048192,0.190880,0.050880,0.047808,0.188416
0.048640,0.188512,0.050976,0.046720,0.189504
0.046624,0.189280,0.050464,0.047552,0.189440
0.049088,0.188864,0.049920,0.046016,0.188928
0.046656,0.190400,0.049728,0.045024,0.189280
0.047520,0.192544,0.050496,0.045920,0.189120
0.045344,0.192640,0.050016,0.044992,0.190752
0.044800,0.192032,0.050656,0.044704,0.190656
0.046880,0.192128,0.052544,0.046912,0.192928
0.047200,0.194016,0.051680,0.046144,0.190400
0.047168,0.193984,0.052288,0.048064,0.193728
0.044832,0.195040,0.051360,0.046688,0.192256
0.044384,0.193280,0.051456,0.048064,0.194272
0.046112,0.193472,0.051808,0.046816,0.193216
0.045728,0.193728,0.051968,0.047200,0.193504
0.045760,0.194368,0.051008,0.047040,0.193920
0.043136,0.196256,0.051264,0.047616,0.194016
0.042976,0.194752,0.052224,0.046048,0.194496
0.046560,0.195808,0.051104,0.047040,0.194944
0.043168,0.195232,0.052320,0.047360,0.195360
0.044544,0.195872,0.052128,0.045888,0.195200
0.044224,0.195136,0.051936,0.047168,0.195712
0.043360,0.195776,0.054464,0.048320,0.196448
0.044896,0.198112,0.054144,0.047552,0.196256
0.044544,0.196608,0.052928,0.047552,0.197376
0.044800,0.196384,0.052320,0.047424,0.197824
0.044160,0.198944,0.052864,0.049696,0.197152
0.046208,0.199264,0.052992,0.048704,0.197536
0.045536,0.197568,0.053280,0.049536,0.198912
0.049600,0.198784,0.054496,0.048256,0.198720
0.048704,0.200192,0.053504,0.048480,0.197792
0.046496,0.199968,0.054208,0.047744,0.199360
0.047776,0.200224,0.055104,0.048416,0.199808
0.049312,0.200320,0.052896,0.049856,0.200160
0.050848,0.202240,0.053728,0.048864,0.200224
0.050336,0.202208,0.052992,0.048128,0.202272
0.051424,0.201344,0.055392,0.048352,0.200928
0.047936,0.202624,0.053184,0.048320,0.202976
0.051648,0.202272,0.055584,0.048384,0.201792
0.051584,0.203040,0.053056,0.046848,0.201120
0.051168,0.202112,0.055168,0.046944,0.202528
0.050496,0.203456,0.052480,0.046816,0.203360
0.054080,0.203872,0.053536,0.046976,0.201856
0.046144,0.204096,0.054496,0.047552,0.202880
0.049632,0.203072,0.052096,0.049728,0.203040
0.051008,0.203520,0.053472,0.049376,0.204096
0.046240,0.203712,0.054496,0.049664,0.203840
0.045600,0.205056,0.056160,0.050464,0.205024
0.045408,0.205888,0.056736,0.049280,0.207104
0.046016,0.206560,0.056032,0.049312,0.204544
0.046432,0.205280,0.056640,0.050016,0.208096
0.048928,0.207264,0.054944,0.049888,0.205472
0.047168,0.206208,0.054688,0.050240,0.206464
0.048992,0.207968,0.056704,0.049504,0.207040
0.048704,0.208352,0.054048,0.048992,0.207136
0.047936,0.208288,0.053920,0.048512,0.206464
0.048576,0.207776,0.053632,0.050816,0.207104
0.047680,0.207904,0.055456,0.049152,0.207328
0.048576,0.210368,0.056864,0.050176,0.208800
0.051424,0.210496,0.054976,0.049920,0.209120
0.048896,0.210496,0.054720,0.049984,0.209312
0.051136,0.211392,0.055360,0.051136,0.208544
0.052160,0.212768,0.055616,0.049056,0.210208
0.051712,0.210464,0.055456,0.050848,0.209120
0.051744,0.211552,0.054496,0.050784,0.210080
0.050336,0.210656,0.056608,0.051552,0.210976
0.052128,0.211968,0.055488,0.052128,0.213216
0.050496,0.213920,0.056704,0.048320,0.212128
0.055168,0.213984,0.056800,0.048416,0.214176
0.053376,0.212576,0.056864,0.049152,0.212576
0.053888,0.213600,0.055392,0.048512,0.211808
0.053408,0.213120,0.055552,0.052896,0.212576
0.046048,0.213920,0.055456,0.050560,0.213376
0.046880,0.216672,0.055680,0.050240,0.214944
0.047872,0.214816,0.055456,0.050752,0.214144
0.055712,0.215424,0.056032,0.050880,0.215136
0.048160,0.215680,0.055360,0.050208,0.213984
0.047456,0.214944,0.054624,0.050976,0.214528
0.046880,0.215456,0.057280,0.048768,0.215520
0.053344,0.218592,0.058656,0.053184,0.215200
0.050624,0.218816,0.058400,0.052512,0.216800
0.047936,0.217824,0.056320,0.050048,0.216704
0.049856,0.216992,0.055968,0.050752,0.216352
0.049056,0.218240,0.056672,0.052256,0.217728
0.048544,0.219264,0.058144,0.051872,0.219296
0.048160,0.218464,0.057216,0.053696,0.218656
0.048064,0.221248,0.058112,0.050176,0.220160
0.052800,0.219360,0.056256,0.052448,0.218144
0.049600,0.219200,0.056928,0.051584,0.219552
0.049888,0.220800,0.059008,0.052512,0.219552
0.051584,0.221792,0.058144,0.051840,0.219744
0.050144,0.220672,0.056320,0.051552,0.220384
0.052288,0.221440,0.059328,0.052448,0.220896
0.051072,0.221920,0.059616,0.052256,0.220384
0.053472,0.222496,0.059264,0.052288,0.221440
0.052192,0.223008,0.056512,0.050592,0.221088
0.050336,0.221760,0.055936,0.053056,0.221216
0.050432,0.224032,0.058144,0.054272,0.223840
0.055424,0.224128,0.057920,0.051808,0.224096
0.054848,0.224544,0.057184,0.051584,0.224736
0.054464,0.224800,0.056224,0.052576,0.222112
0.053312,0.223648,0.059328,0.053248,0.225088
0.051168,0.226496,0.060160,0.052384,0.225376
0.053504,0.225728,0.058176,0.052352,0.225600
0.054464,0.224768,0.057952,0.054464,0.223776
0.052160,0.224864,0.057760,0.053632,0.224896
0.057344,0.225184,0.057696,0.053888,0.225472
0.053120,0.226976,0.057824,0.051456,0.225600
0.049536,0.226048,0.059552,0.053856,0.224864
0.051008,0.228256,0.060480,0.053216,0.228032
0.049824,0.229760,0.058656,0.052160,0.226720
0.053408,0.228448,0.057856,0.052256,0.226688
0.049472,0.227808,0.059616,0.054432,0.227488
0.051456,0.228864,0.059424,0.055264,0.228416
0.051392,0.229184,0.059168,0.052608,0.227968
0.057504,0.229344,0.058592,0.053792,0.227264
0.050368,0.230368,0.058464,0.055008,0.230368
0.050592,0.230592,0.059232,0.054560,0.227936
0.051584,0.230336,0.059264,0.052960,0.228672
0.050048,0.229568,0.061600,0.053088,0.230400
0.051904,0.231744,0.059584,0.052864,0.231968
0.052224,0.233120,0.058848,0.051808,0.230240
0.052448,0.231616,0.059488,0.053984,0.229504
0.054528,0.231424,0.061312,0.054592,0.231520
0.050272,0.234272,0.059616,0.054368,0.233376
0.052384,0.232320,0.060128,0.054048,0.231232
0.051648,0.232800,0.061568,0.055168,0.234336
0.054304,0.232704,0.061536,0.055328,0.232832
0.054720,0.233088,0.059872,0.056000,0.231808
0.052000,0.233760,0.060480,0.054912,0.232096
0.053888,0.233856,0.060000,0.054976,0.234080
0.054976,0.234080,0.058656,0.054752,0.232672
0.053984,0.237344,0.060288,0.052448,0.234144
0.051232,0.236352,0.060160,0.052256,0.234464
0.055520,0.234528,0.061600,0.054784,0.234208
0.056416,0.236640,0.060128,0.054112,0.235584
0.057344,0.238656,0.061696,0.052352,0.235648
0.056736,0.236544,0.060992,0.053952,0.234848
0.054560,0.237408,0.060960,0.055264,0.236704
0.058464,0.239008,0.060096,0.053536,0.236640
0.053376,0.237344,0.061152,0.054560,0.237376
0.052544,0.238240,0.061408,0.054688,0.237536
0.054176,0.239328,0.060448,0.056480,0.236544
0.051264,0.239456,0.062880,0.054976,0.238464
0.050944,0.239808,0.061280,0.055488,0.238944
0.055936,0.240640,0.063104,0.055936,0.238016
0.055296,0.242080,0.061504,0.054176,0.239296
0.057728,0.240032,0.061024,0.055520,0.239168
0.053440,0.241024,0.062208,0.056160,0.240160
0.056704,0.240864,0.062080,0.053824,0.240000
0.056224,0.240864,0.064000,0.056512,0.239552
0.054976,0.241280,0.063936,0.057600,0.242560
0.056192,0.243872,0.061632,0.054304,0.240128
0.053792,0.241984,0.061952,0.055424,0.241376
0.054816,0.242816,0.061440,0.054784,0.243392
0.055872,0.242976,0.062560,0.056224,0.241056
0.055808,0.244928,0.063648,0.055744,0.242528
0.057152,0.244160,0.062848,0.057728,0.241792
0.056032,0.244672,0.062592,0.058048,0.243776
0.057536,0.244864,0.062688,0.056320,0.243072
0.052032,0.244704,0.062688,0.055744,0.246240
0.057664,0.247712,0.061888,0.055328,0.244768
0.055776,0.244640,0.061344,0.058240,0.244704
0.054880,0.247072,0.063520,0.056928,0.245472
0.057632,0.245024,0.068960,0.057056,0.244032
0.055776,0.248800,0.063680,0.058208,0.247488
0.056064,0.247712,0.062304,0.056960,0.245312
0.060224,0.246880,0.065472,0.058720,0.246912
0.055136,0.249472,0.063200,0.056192,0.246240
0.057920,0.247744,0.065376,0.057472,0.248736
0.059136,0.247872,0.062112,0.055072,0.247872
0.058272,0.248192,0.064352,0.055232,0.249600
0.058784,0.248512,0.065344,0.055584,0.248448
0.056320,0.249536,0.064736,0.059104,0.250304
0.058272,0.250112,0.066368,0.056992,0.247872
0.054336,0.249344,0.065664,0.057056,0.248864
0.057440,0.249856,0.064768,0.056032,0.249888
0.054720,0.252032,0.063488,0.057984,0.250496
0.055680,0.250688,0.064384,0.056384,0.251808
0.054784,0.250688,0.063872,0.057856,0.251136
0.053088,0.253888,0.066144,0.056544,0.250784
0.055584,0.251456,0.064864,0.057664,0.251008
0.054592,0.251968,0.067008,0.056160,0.253376
0.053984,0.253760,0.064544,0.060192,0.253632
0.057056,0.255616,0.064608,0.057632,0.253952
0.060064,0.253856,0.062944,0.058048,0.254432
0.061056,0.253792,0.064032,0.057088,0.253184
0.059776,0.255616,0.066944,0.058528,0.253440
0.059584,0.254912,0.064320,0.057376,0.252736
0.058240,0.255136,0.064768,0.058848,0.255872
0.059904,0.254656,0.064096,0.057536,0.254592
0.059648,0.257280,0.065728,0.058816,0.256800
0.061120,0.255744,0.064096,0.058048,0.254464
0.058720,0.258304,0.065856,0.060064,0.255872
0.057600,0.256160,0.066944,0.058432,0.254496
0.059872,0.259200,0.063904,0.056928,0.257888
0.057600,0.256448,0.067200,0.060224,0.256928
0.057856,0.257952,0.065824,0.056864,0.256800
0.057888,0.257600,0.068032,0.058944,0.256896
0.058880,0.258432,0.064992,0.060864,0.256384
0.056512,0.259904,0.066304,0.057824,0.257856
0.057792,0.259232,0.067456,0.060704,0.257312
0.056768,0.259232,0.067872,0.057984,0.260224
0.057088,0.259808,0.068576,0.058400,0.259232
0.056288,0.260896,0.065856,0.058144,0.258208
0.057088,0.260992,0.067040,0.059392,0.260864
0.058304,0.260192,0.066624,0.059680,0.259360
0.056800,0.260608,0.066656,0.058976,0.261824
0.055392,0.261312,0.066592,0.058784,0.262688
0.056416,0.263456,0.065856,0.058880,0.262944
0.057152,0.263872,0.066304,0.061824,0.261440
0.064352,0.262464,0.067808,0.059360,0.260608
0.056768,0.262432,0.067904,0.059392,0.262272
0.060896,0.262880,0.068352,0.060384,0.262496
0.060160,0.263200,0.065568,0.057696,0.262464
0.062240,0.264864,0.069344,0.060896,0.263264
0.060320,0.263968,0.067936,0.059328,0.261920
0.063168,0.264192,0.066528,0.058560,0.264064
0.061120,0.264800,0.066912,0.060128,0.262944
0.060192,0.267392,0.065344,0.058432,0.263392
0.061888,0.265760,0.067008,0.059456,0.264704
0.061792,0.266944,0.067232,0.059232,0.265472
0.058720,0.265984,0.068000,0.058976,0.266112
0.060352,0.266112,0.067552,0.060256,0.265984
0.058560,0.266304,0.067104,0.060064,0.266336
0.059072,0.267136,0.065536,0.058880,0.265344
0.060512,0.267904,0.070240,0.062112,0.268384
0.056160,0.267936,0.067552,0.060224,0.266112
0.057792,0.269824,0.067264,0.060384,0.266112
0.059872,0.270400,0.069216,0.060352,0.270144
0.055776,0.269056,0.070016,0.060864,0.270368
0.058816,0.271136,0.066400,0.062208,0.267520
0.058720,0.269984,0.067776,0.059840,0.268864
0.058080,0.270528,0.070112,0.060352,0.269440
0.057952,0.270752,0.067904,0.060896,0.267968
0.057504,0.272544,0.068928,0.060224,0.270336
0.057120,0.272800,0.069088,0.062656,0.269088
0.058912,0.272352,0.070112,0.061248,0.270144
0.058176,0.273536,0.067840,0.060768,0.271360
0.058720,0.272608,0.071040,0.063328,0.271840
0.057664,0.273760,0.069824,0.062944,0.271712
0.064544,0.273216,0.067968,0.060992,0.272064
0.063872,0.275232,0.071840,0.060576,0.272736
0.063584,0.274208,0.069184,0.062848,0.273120
0.063104,0.275168,0.069024,0.061824,0.272064
0.063424,0.274368,0.067904,0.060544,0.275104
0.062112,0.277344,0.068864,0.063712,0.275392
0.061280,0.275680,0.069184,0.061984,0.274400
0.061568,0.275648,0.067776,0.062528,0.273824
0.062016,0.276032,0.069408,0.060928,0.275008
0.063232,0.275936,0.070432,0.064096,0.275392
0.061344,0.277216,0.072032,0.062560,0.275616
0.060192,0.276832,0.069504,0.062272,0.274816
0.059296,0.278880,0.069824,0.062784,0.276640
0.061536,0.277408,0.072256,0.064544,0.276384
0.060672,0.278272,0.071392,0.062144,0.277184
0.061568,0.278016,0.069760,0.064832,0.276224
0.059840,0.280160,0.069632,0.061760,0.277792
0.059904,0.278368,0.071200,0.061376,0.279936
0.059520,0.281024,0.070464,0.062528,0.278304
0.059264,0.280224,0.071904,0.063136,0.278624
0.068256,0.279584,0.070368,0.064896,0.277600
0.060480,0.280320,0.070432,0.062528,0.281216
0.066848,0.281024,0.072512,0.062848,0.281920
0.064992,0.280928,0.072256,0.062880,0.280096
0.059712,0.281312,0.073216,0.062912,0.281184
0.062368,0.282272,0.069696,0.061888,0.280864
0.063456,0.282816,0.073024,0.062208,0.282880
0.066208,0.281984,0.072864,0.062560,0.281376
0.063616,0.284480,0.071872,0.063488,0.280992
0.064032,0.283904,0.072224,0.064736,0.282016
0.064064,0.284096,0.073088,0.065440,0.281952
0.065344,0.284512,0.072288,0.062560,0.282624
0.064512,0.284704,0.074240,0.064576,0.283072
0.064768,0.285120,0.071040,0.063744,0.285536
0.061920,0.284960,0.073216,0.063872,0.285568
0.060736,0.285600,0.073216,0.066080,0.283520
0.063104,0.285824,0.071776,0.062656,0.284160
0.066272,0.287648,0.072320,0.062944,0.285120
0.062240,0.286976,0.071712,0.063424,0.286976
0.063008,0.286944,0.074848,0.066624,0.285952
0.061888,0.288960,0.072544,0.063456,0.285952
0.062016,0.287904,0.073120,0.064352,0.291552
0.064416,0.288704,0.072640,0.064128,0.285856
0.065568,0.287744,0.071040,0.064096,0.285792
0.064608,0.288768,0.072032,0.063104,0.288864
0.065312,0.288640,0.072512,0.063392,0.289344
0.064000,0.288224,0.074304,0.064864,0.288064
0.066752,0.291072,0.073632,0.065024,0.290080
0.066144,0.293024,0.071424,0.065952,0.290432
0.066304,0.290432,0.075200,0.065216,0.290784
0.068448,0.291616,0.072992,0.064928,0.289408
0.065856,0.293216,0.073664,0.066368,0.288864
0.066560,0.291552,0.071968,0.063872,0.290336
0.065728,0.291776,0.073664,0.063424,0.292576
0.068384,0.292128,0.074304,0.063424,0.292544
0.068032,0.294720,0.075264,0.067136,0.291712
0.062016,0.293376,0.075296,0.065184,0.291968
0.061280,0.294496,0.076320,0.066176,0.291904
0.067136,0.293952,0.073760,0.067584,0.294048
0.064032,0.294240,0.073248,0.066464,0.294208
0.062240,0.294464,0.074304,0.065088,0.294560
0.062368,0.294944,0.074144,0.063584,0.292384
0.068576,0.297024,0.074656,0.067296,0.292512
0.063168,0.295904,0.073376,0.064768,0.293024
0.062688,0.297728,0.072992,0.065248,0.293184
0.062688,0.296320,0.073024,0.066112,0.294944
0.062528,0.296480,0.072416,0.064960,0.295008
0.065536,0.297600,0.076352,0.064352,0.295296
0.064960,0.296608,0.073760,0.064960,0.295808
0.064928,0.296192,0.076000,0.064416,0.298144
0.064960,0.297472,0.074784,0.064864,0.296640
0.066272,0.298912,0.076000,0.064864,0.296704
0.066432,0.298240,0.073792,0.068032,0.297632
0.065728,0.298848,0.074880,0.065952,0.297056
0.064288,0.300640,0.072608,0.065824,0.298336
0.065472,0.300128,0.076832,0.068128,0.298336
0.066464,0.301504,0.075040,0.066784,0.300416
0.064960,0.300832,0.076928,0.067776,0.299040
0.067584,0.300832,0.074592,0.065088,0.300672
0.065664,0.301824,0.075328,0.068640,0.299936
0.065408,0.303680,0.076704,0.066848,0.301344
0.070016,0.302336,0.074880,0.067232,0.300608
0.067936,0.302272,0.076192,0.068320,0.300864
0.062560,0.301888,0.075264,0.067968,0.301536
0.068704,0.303104,0.075200,0.065792,0.303328
0.067776,0.302944,0.078272,0.068512,0.301376
0.067136,0.304000,0.075552,0.066656,0.303648
0.063136,0.304672,0.077120,0.067968,0.304000
0.062752,0.304192,0.076576,0.067712,0.303008
0.063488,0.306720,0.077280,0.068704,0.303040
0.063200,0.305344,0.077888,0.068064,0.304160
0.067328,0.305856,0.075744,0.066624,0.303200